
1054
955
1624
1106
2131
1253
1002
1830
1879
2362
2331
2324
2296
2286
2257
2241
2236
2229
2227
2206
2184
2184
2176
2144
2131
2131
2123
2121
2119
2117
2107
2105
2091
2088
2073
2063
2055
2044
2031
2028
2011
2010
2010
2010
2009
2008
1997
1994
1993
1989
1984
1979
1974
1971
1969
1965
1953
1953
1953
1944
1941
1941
1936
1931
1928
1928
1927
1927
1925
1923
1923
1919
1918
1917
1912
1909
1912
1909
1908
1906
1906
1903
1902
1938
1935
1935
1932
1932
1926
1920
1919
1915
1912
1909
1907
1907
1902
1902
1902
1896
1895
1895
1891
1891
1883
1880
1879
1873
1873
1873
1869
1879
1873
1872
1865
1865
1861
1860
1860
1859
1859
1859
1854
1854
1839
1838
1837
1836
1835
1852
1847
1847
1839
1832
1831
1841
1841
1839
1835
1830
1842
1848
1842
1409
1401
1303
1038
1021
1403
1432
1843
1847
1847
1835
1834