kart17;False;55;-2,309999;0;990
kart4;False;61;-2,521999;0;1098
kart16;False;66;-2,531999;0;1188
kart6;False;66;-2,131999;0;1188
kart2;False;81;-3,462001;0;1458
kart1;False;90;-3,180001;0;1620
kart13;False;99;-3,798003;0;1782
kart12;False;126;-4,152003;0;2268
kart0;False;137;-5,174001;0;2466
kart10;False;142;-5,083999;0;2556
kart3;False;145;-5,689999;0;2610
kart16;False;92;-3,784002;0;2844
kart5;False;183;-6,465991;0;3294
kart2;False;108;-3,116;0;3402
kart15;False;193;-6,985991;0;3474
kart11;False;197;-6,893989;0;3546
kart12;False;72;-2,343999;0;3564
kart8;False;203;-8,405985;0;3654
kart4;False;145;-3,990003;0;3708
kart0;False;87;-3,674002;0;4032
kart17;False;173;-6,445992;0;4104
kart3;False;92;-2,984;0;4266
kart5;False;58;-2,616;0;4338
kart13;False;147;-4,794003;0;4428
kart9;False;254;-7,907984;0;4572
kart6;False;191;-5,781994;0;4626
kart1;False;169;-6,437991;0;4662
kart10;False;121;-5,242001;0;4734
kart2;False;77;-3,554001;0;4788
kart12;False;102;-4,104002;0;5400
kart8;False;105;-3,110001;0;5544
kart7;False;324;-11,14798;0;5832
kart5;False;87;-2,774;0;5904
kart3;False;95;-3,290002;0;5976
kart15;False;145;-4,890003;0;6084
kart16;False;186;-5,871997;0;6192
kart11;False;154;-6,607991;0;6318
kart2;False;87;-2,673999;0;6354
kart0;False;130;-4,460004;0;6372
kart6;False;102;-3,103998;0;6462
kart14;False;364;-11,92798;0;6552
kart1;False;107;-4,214002;0;6588
kart17;False;149;-5,697996;0;6786
kart15;False;55;-2,21;0;7074
kart7;False;73;-3,046;0;7146
kart11;False;80;-2,960001;0;7758
kart1;False;68;-3,036;0;7812
kart4;False;231;-7,561988;0;7866
kart9;False;193;-7,585986;0;8046
kart8;False;144;-6,787993;0;8136
kart12;False;154;-6,007995;0;8172
kart3;False;126;-4,552002;0;8244
kart16;False;119;-4,038002;0;8334
kart0;False;114;-4,428002;0;8424
kart13;False;251;-8,801982;0;8946
kart11;False;70;-2,339999;0;9018
kart17;False;138;-5,375998;0;9270
kart6;False;168;-6,135995;0;9486
kart7;False;142;-6,183992;0;9702
kart15;False;154;-5,607995;0;9846
kart2;False;200;-7,599986;0;9954
kart0;False;107;-3,314002;0;10350
kart8;False;128;-5,056;0;10440
kart12;False;140;-5,38;0;10692
kart3;False;136;-4,072004;0;10692
kart16;False;134;-4,968002;0;10746
kart5;False;284;-10,16798;0;11016
kart6;False;90;-4,180001;0;11106
kart9;False;184;-7,567984;0;11358
kart2;False;88;-3,676001;0;11538
kart16;False;45;-1,49;0;11556
kart14;False;286;-9,471981;0;11700
kart10;False;401;-12,40198;0;11952
kart8;False;104;-3,208001;0;12312
kart0;False;116;-3,132;0;12438
kart17;False;188;-7,075993;0;12654
kart12;False;114;-4,328005;0;12744
kart0;False;53;-2,506;0;13392
kart17;False;45;-1,89;0;13464
kart15;False;208;-7,11599;0;13590
kart1;False;326;-11,05198;0;13680
kart10;False;99;-4,398003;0;13734
kart16;False;134;-5,567999;0;13968
kart11;False;286;-9,471976;0;14166
kart12;False;143;-5,185998;0;15318
kart11;False;80;-2,559999;0;15606
kart4;False;433;-14,66598;0;15660
kart3;False;278;-8,755982;0;15696
kart13;False;381;-13,06198;0;15804
kart0;False;149;-5,798;0;16074
kart2;False;265;-10,02998;0;16308
kart8;False;227;-7,453984;0;16398
kart15;False;162;-5,823997;0;16506
kart5;False;333;-9,865983;0;17010
kart17;False;201;-8,101984;0;17082
kart6;False;361;-12,72198;0;17604
kart7;False;456;-12,71197;0;17910
kart3;False;124;-5,747997;0;17928
kart10;False;236;-7,471985;0;17982
kart11;False;136;-5,171999;0;18054
kart1;False;247;-8,093984;0;18126
kart17;False;61;-2,421999;0;18180
kart3;False;47;-1,893999;0;18774
kart0;False;154;-5,108;0;18846
kart5;False;107;-4,714002;0;18936
kart15;False;135;-5,269999;0;18936
kart7;False;64;-2,528;0;19062
kart4;False;192;-6,883991;0;19116
kart2;False;164;-5,727994;0;19260
kart14;False;424;-13,84797;0;19332
kart13;False;198;-6,395992;0;19368
kart6;False;102;-4,504002;0;19440
kart12;False;229;-7,757982;0;19440
kart9;False;472;-15,74397;0;19854
kart17;False;104;-3,908002;0;20052
kart3;False;79;-3,158001;0;20196
kart10;False;125;-4,350004;0;20232
kart1;False;138;-5,175999;0;20610
kart7;False;92;-3,384002;0;20718
kart14;False;84;-3,568001;0;20844
kart2;False;116;-3,632004;0;21348
kart8;False;286;-10,17198;0;21546
kart0;False;163;-6,625992;0;21780
kart5;False;160;-5,619999;0;21816
kart10;False;91;-3,282001;0;21870
kart3;False;99;-2,998;0;21978
kart4;False;160;-5,719995;0;21996
kart15;False;174;-6,747992;0;22068
kart6;False;158;-5,715995;0;22284
kart13;False;173;-4,845999;0;22482
kart17;False;138;-4,176005;0;22536
kart2;False;71;-2,942001;0;22626
kart14;False;101;-3,902003;0;22662
kart10;False;66;-2,832;0;23058
kart1;False;148;-5,995998;0;23274
kart16;False;526;-16,45197;0;23436
kart5;False;91;-3,682002;0;23454
kart9;False;205;-7,209984;0;23544
kart17;False;82;-3,664001;0;24012
kart8;False;139;-5,078001;0;24048
kart3;False;115;-4,230003;0;24048
kart10;False;77;-2,853999;0;24444
kart13;False;110;-3,920002;0;24462
kart7;False;210;-7,619986;0;24498
kart16;False;61;-2,622;0;24534
kart11;False;370;-13,03998;0;24714
kart6;False;137;-5,873996;0;24750
kart2;False;120;-4,540002;0;24786
kart4;False;171;-6,341993;0;25074
kart9;False;103;-4,506003;0;25398
kart12;False;331;-8,761979;0;25398
kart14;False;160;-4,520005;0;25542
kart1;False;129;-4,758004;0;25596
kart15;False;204;-7,207992;0;25740
kart8;False;99;-3,798001;0;25830
kart7;False;82;-2,964;0;25974
kart4;False;94;-3,588001;0;26766
kart11;False;124;-4,248003;0;26946
kart8;False;79;-3,158;0;27252
kart5;False;219;-8,037987;0;27396
kart14;False;107;-4,114002;0;27468
kart7;False;93;-2,986001;0;27648
kart10;False;194;-6,087996;0;27936
kart0;False;344;-12,28799;0;27972
kart3;False;224;-7,947982;0;28080
kart2;False;208;-6,515993;0;28530
kart15;False;164;-5,228;0;28692
kart6;False;225;-7,249984;0;28800
kart16;False;249;-9,19798;0;29016
kart14;False;96;-3,792003;0;29196
kart10;False;85;-2,87;0;29466
kart8;False;125;-3,850004;0;29502
kart0;False;91;-3,182001;0;29610
kart7;False;113;-3,526001;0;29682
kart13;False;309;-11,41798;0;30024
kart4;False;193;-5,685997;0;30240
kart6;False;87;-3,774002;0;30366
kart3;False;139;-4,478005;0;30582
kart12;False;305;-9,509979;0;30888
kart2;False;143;-4,486002;0;31104
kart15;False;141;-4,981998;0;31230
kart11;False;243;-8,685981;0;31320
kart5;False;224;-8,147982;0;31428
kart7;False;112;-4,524001;0;31698
kart8;False;123;-3,746004;0;31716
kart4;False;82;-2,063999;0;31716
kart3;False;69;-2,538;0;31824
kart14;False;152;-5,503998;0;31932
kart9;False;406;-13,41198;0;32706
kart5;False;83;-3,166;0;32922
kart13;False;168;-6,83599;0;33048
kart17;False;506;-14,61197;0;33120
kart8;False;86;-3,572001;0;33264
kart2;False;132;-4,464005;0;33480
kart10;False;227;-8,053983;0;33552
kart6;False;188;-6,275996;0;33750
kart1;False;457;-14,31398;0;33822
kart11;False;149;-4,998001;0;34002
kart3;False;132;-4,864001;0;34200
kart15;False;178;-5,555997;0;34434
kart5;False;85;-3,57;0;34452
kart16;False;305;-9,809976;0;34506
kart14;False;146;-4,792005;0;34560
kart13;False;86;-3,472001;0;34596
kart12;False;209;-7,717985;0;34650
kart9;False;122;-3,644001;0;34902
kart10;False;112;-4,024004;0;35568
kart1;False;102;-4,604002;0;35658
kart4;False;240;-8,079987;0;36036
kart14;False;83;-2,966;0;36054
kart16;False;108;-3,516001;0;36450
kart9;False;90;-3,780002;0;36522
kart15;False;120;-3,940002;0;36594
kart13;False;121;-4,642002;0;36774
kart17;False;213;-6,825994;0;36954
kart8;False;208;-7,915987;0;37008
kart2;False;214;-7,127991;0;37332
kart12;False;165;-5,330001;0;37620
kart1;False;116;-4,032001;0;37746
kart10;False;137;-4,774003;0;38034
kart5;False;206;-6,111991;0;38160
kart7;False;367;-13,13398;0;38304
kart16;False;115;-3,530001;0;38520
kart9;False;111;-4,022003;0;38520
kart11;False;258;-8,915985;0;38646
kart1;False;54;-2,207999;0;38718
kart8;False;101;-4,202002;0;38826
kart13;False;122;-4,944001;0;38970
kart3;False;268;-10,63598;0;39024
kart0;False;531;-18,16202;0;39168
kart14;False;174;-6,747991;0;39186
kart12;False;91;-2,681999;0;39258
kart4;False;180;-6,259991;0;39276
kart2;False;109;-3,818002;0;39294
kart5;False;93;-4,286001;0;39834
kart9;False;106;-3,912004;0;40428
kart17;False;214;-8,027987;0;40806
kart14;False;118;-4,136003;0;41310
kart3;False;131;-4,362002;0;41382
kart1;False;150;-5,799995;0;41418
kart16;False;163;-5,725997;0;41454
kart2;False;142;-5,084;0;41850
kart12;False;154;-4,408004;0;42030
kart10;False;237;-6,673992;0;42300
kart15;False;325;-10,54998;0;42444
kart7;False;231;-9,161983;0;42462
kart6;False;487;-15,57397;0;42516
kart8;False;209;-8,617983;0;42588
kart9;False;121;-4,742002;0;42606
kart1;False;69;-2,337999;0;42660
kart14;False;82;-2,163999;0;42786
kart11;False;230;-7,659986;0;42786
kart17;False;117;-4,734002;0;42912
kart5;False;171;-6,741993;0;42912
kart16;False;109;-4,818001;0;43416
kart11;False;48;-1,695999;0;43650
kart1;False;56;-1,911999;0;43668
kart5;False;66;-2,831999;0;44100
kart2;False;140;-4,280005;0;44370
kart12;False;136;-5,371999;0;44478
kart3;False;181;-6,161998;0;44640
kart4;False;306;-8,811978;0;44784
kart11;False;73;-3,046;0;44964
kart8;False;137;-4,774003;0;45054
kart7;False;147;-6,693994;0;45108
kart5;False;61;-2,221999;0;45198
kart6;False;152;-5,004001;0;45252
kart9;False;149;-5,298;0;45288
kart17;False;133;-5,765995;0;45306
kart15;False;162;-5,423999;0;45360
kart14;False;143;-5,185998;0;45360
kart0;False;350;-13,09998;0;45468
kart12;False;59;-2,417999;0;45540
kart16;False;118;-4,436003;0;45540
kart1;False;122;-3,944002;0;45864
kart4;False;67;-3,034;0;45990
kart13;False;399;-13,89798;0;46152
kart10;False;215;-7,429985;0;46170
kart2;False;104;-3,808002;0;46242
kart0;False;85;-2,669999;0;46998
kart5;False;106;-3,812003;0;47106
kart8;False;129;-4,958002;0;47376
kart12;False;102;-3,504001;0;47376
kart2;False;75;-3,250001;0;47592
kart15;False;126;-4,452003;0;47628
kart9;False;134;-4,968002;0;47700
kart7;False;170;-6,339995;0;48168
kart17;False;162;-5,323997;0;48222
kart16;False;155;-5,209996;0;48330
kart11;False;189;-6,477996;0;48366
kart1;False;143;-6,085993;0;48438
kart6;False;181;-6,76199;0;48510
kart8;False;76;-2,952001;0;48744
kart0;False;103;-3,206001;0;48852
kart10;False;159;-6,817991;0;49032
kart2;False;86;-2,872;0;49140
kart4;False;184;-7,167988;0;49302
kart15;False;96;-3,792002;0;49356
kart17;False;84;-2,968;0;49734
kart16;False;80;-3,06;0;49770
kart13;False;213;-7,225991;0;49986
kart0;False;78;-2,855999;0;50256
kart4;False;71;-3,642001;0;50580
kart9;False;163;-6,225994;0;50634
kart6;False;131;-4,362002;0;50868
kart10;False;104;-4,508001;0;50904
kart12;False;197;-6,093995;0;50922
kart15;False;114;-5,028;0;51408
kart5;False;271;-8,841978;0;51984
kart11;False;216;-8,231981;0;52254
kart10;False;84;-2,968;0;52416
kart16;False;147;-5,593998;0;52416
kart12;False;85;-3,570002;0;52452
kart14;False;396;-11,39198;0;52488
kart9;False;106;-3,612002;0;52542
kart17;False;176;-5,352001;0;52902
kart0;False;153;-6,90599;0;53010
kart7;False;274;-9,947983;0;53100
kart6;False;131;-4,662003;0;53226
kart8;False;252;-8,903979;0;53280
kart13;False;191;-8,181986;0;53424
kart1;False;280;-9,159979;0;53478
kart11;False;83;-3,166;0;53748
kart14;False;72;-3,344001;0;53784
kart7;False;46;-1,891999;0;53928
kart15;False;155;-5,609999;0;54198
kart10;False;100;-3,600002;0;54216
kart0;False;67;-3,033999;0;54216
kart3;False;533;-16,66597;0;54234
kart6;False;82;-3,264;0;54702
kart12;False;135;-4,969999;0;54882
kart4;False;242;-6,383991;0;54936
kart2;False;327;-10,65398;0;55026
kart5;False;172;-5,843995;0;55080
kart1;False;95;-4,190001;0;55188
kart9;False;154;-5,907997;0;55314
kart17;False;146;-5,391997;0;55530
kart7;False;91;-3,082;0;55566
kart6;False;61;-1,821999;0;55800
kart8;False;145;-5,689997;0;55890
kart3;False;98;-4,196002;0;55998
kart10;False;101;-3,902001;0;56034
kart13;False;151;-5,601996;0;56142
kart15;False;118;-4,136002;0;56322
kart14;False;147;-3,894002;0;56430
kart11;False;156;-4,612002;0;56556
kart16;False;241;-7,181989;0;56754
kart2;False;99;-3,898002;0;56808
kart1;False;111;-3,422002;0;57186
kart9;False;104;-3,708002;0;57186
kart10;False;64;-2,527999;0;57186
kart0;False;191;-6,68199;0;57654
kart3;False;123;-4,246003;0;58212
kart16;False;97;-3,094002;0;58500
kart12;False;210;-7,819989;0;58662
kart7;False;178;-6,655993;0;58770
kart5;False;213;-9,325985;0;58914
kart8;False;191;-6,281993;0;59328
kart13;False;178;-6,255995;0;59346
kart9;False;123;-4,946001;0;59400
kart15;False;176;-5,451999;0;59490
kart1;False;142;-5,483999;0;59742
kart14;False;185;-6,56999;0;59760
kart3;False;100;-4,8;0;60012
kart6;False;243;-8,085986;0;60174
kart8;False;54;-2,207999;0;60300
kart4;False;305;-10,90999;0;60426
kart7;False;99;-3,698002;0;60552
kart17;False;289;-9,377976;0;60732
kart16;False;125;-4,75;0;60750
kart10;False;205;-6,309991;0;60876
kart9;False;98;-5,196;0;61164
kart13;False;102;-3,304;0;61182
kart6;False;73;-3,046;0;61488
kart5;False;147;-4,594004;0;61560
kart12;False;177;-7,05399;0;61848
kart16;False;70;-2,839999;0;62010
kart11;False;318;-12,63598;0;62280
kart15;False;155;-5,110001;0;62280
kart9;False;78;-2,956;0;62568
kart1;False;162;-6,423995;0;62658
kart2;False;336;-10,77198;0;62856
kart12;False;63;-3,026001;0;62982
kart13;False;102;-3,504002;0;63018
kart4;False;151;-5,301998;0;63144
kart16;False;82;-3,364001;0;63486
kart3;False;194;-6,087996;0;63504
kart14;False;210;-7,31999;0;63540
kart7;False;201;-6,801992;0;64170
kart16;False;49;-2,197999;0;64368
kart4;False;78;-2,155998;0;64548
kart10;False;206;-5,911996;0;64584
kart1;False;112;-4,124003;0;64674
kart2;False;107;-3,914001;0;64782
kart0;False;404;-12,90798;0;64926
kart8;False;260;-9,91998;0;64980
kart13;False;113;-4,326004;0;65052
kart17;False;245;-8,489978;0;65142
kart15;False;161;-6,321993;0;65178
kart6;False;222;-7,943986;0;65484
kart5;False;222;-7,143987;0;65556
kart14;False;115;-3,930001;0;65610
kart9;False;174;-6,347991;0;65700
kart4;False;68;-2,636;0;65772
kart16;False;78;-3,956001;0;65772
kart3;False;127;-4,753999;0;65790
kart2;False;75;-2,149999;0;66132
kart10;False;98;-3,696003;0;66348
kart0;False;83;-3,166;0;66420
kart7;False;140;-5,08;0;66690
kart13;False;94;-3,088001;0;66744
kart14;False;76;-2,852;0;66978
kart12;False;233;-7,665985;0;67176
kart9;False;88;-2,576001;0;67284
kart15;False;121;-4,442004;0;67356
kart16;False;97;-3,994001;0;67518
kart10;False;72;-2,743999;0;67644
kart0;False;78;-2,856;0;67824
kart2;False;99;-3,598001;0;67914
kart8;False;168;-5,536;0;68004
kart13;False;74;-2,748;0;68076
kart1;False;189;-7,27799;0;68076
kart14;False;78;-3,456002;0;68382
kart4;False;150;-5,3;0;68472
kart3;False;151;-5,801995;0;68508
kart10;False;54;-2,207999;0;68616
kart5;False;179;-5,957997;0;68778
kart6;False;189;-5,577994;0;68886
kart7;False;125;-4,350004;0;68940
kart11;False;373;-12,64597;0;68994
kart13;False;69;-3,038;0;69318
kart16;False;107;-4,214003;0;69444
kart15;False;125;-4,950001;0;69606
kart12;False;138;-5,875994;0;69660
kart0;False;102;-2,703999;0;69660
kart8;False;97;-3,794001;0;69750
kart1;False;95;-3,090002;0;69786
kart3;False;85;-2,870001;0;70038
kart4;False;114;-3,628001;0;70524
kart9;False;202;-7,20399;0;70920
kart6;False;134;-5,068001;0;71298
kart12;False;95;-3,690001;0;71370
kart11;False;132;-4,064003;0;71370
kart14;False;176;-5,751996;0;71550
kart15;False;113;-3,926002;0;71640
kart8;False;116;-4,232003;0;71838
kart17;False;373;-12,54598;0;71856
kart10;False;181;-5,462001;0;71874
kart4;False;107;-4,714001;0;72450
kart14;False;60;-2,52;0;72630
kart1;False;171;-6,041992;0;72864
kart3;False;158;-5,115998;0;72882
kart0;False;183;-5,566;0;72954
kart12;False;91;-3,882;0;73008
kart9;False;149;-4,698003;0;73602
kart11;False;150;-5,399998;0;74070
kart16;False;257;-6,913985;0;74070
kart12;False;63;-2,225999;0;74142
kart17;False;130;-4,960001;0;74196
kart8;False;137;-6,073994;0;74304
kart15;False;155;-5,809997;0;74430
kart13;False;290;-9,479979;0;74538
kart0;False;105;-3,310003;0;74844
kart2;False;387;-11,97397;0;74880
kart1;False;118;-4,236001;0;74988
kart4;False;162;-5,823996;0;75366
kart9;False;98;-4,096002;0;75366
kart7;False;369;-11,53797;0;75582
kart8;False;72;-3,244;0;75600
kart6;False;242;-7,88398;0;75654
kart15;False;78;-3,056;0;75834
kart11;False;101;-3,602003;0;75888
kart10;False;224;-6,947988;0;75906
kart17;False;99;-2,998001;0;75978
kart5;False;430;-15,05998;0;76518
kart12;False;139;-5,377995;0;76644
kart1;False;100;-3,500002;0;76788
kart17;False;77;-2,853999;0;77364
kart7;False;102;-3,504001;0;77418
kart14;False;268;-8,435981;0;77454
kart8;False;126;-4,252004;0;77868
kart9;False;153;-5,205998;0;78120
kart3;False;303;-10,20598;0;78336
kart15;False;143;-4,986001;0;78408
kart10;False;141;-5,481997;0;78444
kart13;False;233;-7,965986;0;78732
kart11;False;169;-5,038;0;78930
kart2;False;238;-8,575982;0;79164
kart15;False;81;-2,661999;0;79866
kart17;False;140;-5,180001;0;79884
kart16;False;325;-10,94998;0;79920
kart5;False;198;-6,795989;0;80082
kart1;False;187;-7,273988;0;80154
kart6;False;269;-7,637982;0;80496
kart10;False;116;-4,132003;0;80532
kart9;False;139;-5,177996;0;80622
kart12;False;226;-7,951988;0;80712
kart0;False;333;-10,76598;0;80838
kart16;False;70;-3,040001;0;81180
kart11;False;132;-4,164003;0;81306
kart14;False;219;-7,937984;0;81396
kart8;False;197;-5,493996;0;81414
kart13;False;158;-5,815995;0;81576
kart1;False;85;-2,97;0;81684
kart4;False;362;-11,42398;0;81882
kart7;False;256;-9,211983;0;82026
kart12;False;76;-2,251999;0;82080
kart6;False;108;-4,416002;0;82440
kart3;False;228;-8,055984;0;82440
kart9;False;102;-3,904002;0;82458
kart10;False;110;-3,020001;0;82512
kart15;False;154;-5,607993;0;82638
kart5;False;148;-5,595998;0;82746
kart16;False;114;-4,028003;0;83232
kart1;False;87;-3,774002;0;83250
kart2;False;236;-7,271986;0;83412
kart14;False;118;-4,936001;0;83520
kart17;False;203;-7,105991;0;83538
kart6;False;63;-2,225999;0;83574
kart11;False;158;-6,115992;0;84150
kart0;False;211;-6,72199;0;84636
kart12;False;144;-5,787995;0;84672
kart14;False;71;-2,541999;0;84798
kart3;False;142;-5,883997;0;84996
kart15;False;138;-4,276003;0;85122
kart13;False;197;-7,593986;0;85122
kart4;False;182;-7,963987;0;85158
kart1;False;107;-4,114002;0;85176
kart8;False;211;-6,921992;0;85212
kart5;False;149;-5,097999;0;85428
kart11;False;72;-3,644001;0;85446
kart9;False;175;-6,549992;0;85608
kart0;False;54;-1,807999;0;85608
kart2;False;134;-4,968001;0;85824
kart10;False;193;-7,285991;0;85986
kart14;False;77;-2,553999;0;86184
kart17;False;149;-5,298;0;86220
kart16;False;167;-5,233999;0;86238
kart4;False;76;-3,152;0;86526
kart7;False;260;-9,619978;0;86706
kart3;False;114;-4,628002;0;87048
kart12;False;159;-4,218004;0;87534
kart11;False;117;-5,533996;0;87552
kart9;False;108;-3,716002;0;87552
kart13;False;139;-4,578005;0;87624
kart4;False;66;-2,531999;0;87714
kart8;False;165;-6,829991;0;88182
kart16;False;108;-4,016003;0;88182
kart6;False;258;-7,415978;0;88218
kart2;False;136;-4,472002;0;88272
kart7;False;105;-3,810001;0;88596
kart17;False;132;-4,464003;0;88596
kart14;False;138;-4,976001;0;88668
kart11;False;89;-2,677999;0;89154
kart2;False;53;-2,305999;0;89226
kart16;False;67;-2,333999;0;89388
kart3;False;133;-4,666002;0;89442
kart9;False;111;-4,022004;0;89550
kart8;False;80;-2,860001;0;89622
kart5;False;236;-7,671989;0;89676
kart4;False;144;-5,987997;0;90306
kart1;False;291;-10,28198;0;90414
kart0;False;268;-8,73598;0;90432
kart7;False;115;-4,430003;0;90666
kart15;False;327;-9,853977;0;91008
kart11;False;116;-4,632002;0;91242
kart12;False;207;-6,213997;0;91260
kart9;False;110;-4,82;0;91530
kart16;False;138;-4,576002;0;91872
kart7;False;77;-2,854;0;92052
kart8;False;143;-5,585997;0;92196
kart17;False;203;-5,905993;0;92250
kart13;False;259;-8,717978;0;92286
kart15;False;73;-3,146;0;92322
kart11;False;69;-2,537999;0;92484
kart10;False;379;-13,25798;0;92808
kart1;False;141;-4,482004;0;92952
kart0;False;145;-5,39;0;93042
kart12;False;110;-3,920001;0;93240
kart6;False;281;-10,16198;0;93276
kart2;False;230;-8,059984;0;93366
kart14;False;263;-8,32598;0;93402
kart5;False;228;-7,355988;0;93780
kart7;False;121;-4,042002;0;94230
kart3;False;283;-9,065983;0;94536
kart9;False;169;-5,537997;0;94572
kart10;False;100;-3,300001;0;94608
kart14;False;69;-3,138001;0;94644
kart12;False;79;-3,058001;0;94662
kart16;False;155;-4,810003;0;94662
kart2;False;82;-2,864001;0;94842
kart5;False;71;-2,341999;0;95058
kart7;False;54;-2,107999;0;95202
kart10;False;50;-1,799999;0;95508
kart4;False;296;-11,09198;0;95634
kart6;False;132;-4,664003;0;95652
kart0;False;181;-6,66199;0;96300
kart3;False;105;-3,110003;0;96426
kart16;False;146;-5,591998;0;97290
kart13;False;285;-8,669977;0;97416
kart7;False;127;-4,054004;0;97488
kart15;False;293;-8,98598;0;97596
kart14;False;185;-6,269991;0;97974
kart5;False;163;-5,825993;0;97992
kart4;False;133;-4,366003;0;98028
kart9;False;210;-7,319993;0;98352
kart3;False;121;-4,742003;0;98604
kart2;False;220;-8,739984;0;98802
kart0;False;152;-5,703995;0;99036
kart6;False;196;-5,691999;0;99180
kart13;False;100;-4,900001;0;99216
kart12;False;256;-7,911981;0;99270
kart1;False;361;-12,32198;0;99450
kart9;False;84;-3,468001;0;99864
kart11;False;410;-10,61997;0;99864
kart17;False;424;-13,64798;0;99882
kart14;False;119;-4,737998;1;100116
kart4;False;122;-3,444;1;100224
kart3;False;99;-3,898003;1;100386
kart13;False;74;-2,347999;1;100548
kart5;False;161;-3,622005;1;100890
kart8;False;505;-13,30996;1;101286
kart17;False;80;-0,8600003;1;101322
kart12;False;115;-1,929998;1;101340
kart6;False;129;-2,858008;1;101502
kart2;False;151;-2,902009;1;101520
kart0;False;147;-2,393997;1;101682
kart1;False;133;-2,065997;1;101844
kart14;False;114;-0,528;1;102168
kart4;False;113;-0,5259999;1;102258
kart11;False;140;-0,7800006;1;102384
kart5;False;85;-0,57;1;102420
kart3;False;150;-0,5;1;103086
kart9;False;180;-0,8600007;1;103104
kart17;False;118;-0,436;1;103446
kart10;False;444;-9,087955;1;103500
kart15;False;335;-4,170022;1;103626
kart13;False;177;-0,4539999;1;103734
kart4;False;82;-0,564;1;103734
kart8;False;145;-0,49;1;103896
kart7;False;363;-5,425966;1;104022
kart6;False;140;-0,5799999;1;104022
kart0;False;151;-0,5019999;1;104400
kart1;False;158;-0,5159999;1;104688
kart5;False;135;-0,47;1;104850
kart3;False;101;-0,502;1;104904
kart16;False;424;-5,747958;1;104922
kart13;False;77;-0,454;1;105120
kart0;False;42;-0,584;1;105156
kart15;False;105;-0,5099999;1;105516
kart9;False;143;-0,4859999;1;105678
kart12;False;252;-0,4039999;1;105876
kart2;False;246;-0,492;1;105948
kart11;False;206;-0,512;1;106092
kart16;False;74;-0,448;1;106254
kart7;False;130;-0,5599999;1;106362
kart1;False;98;-0,5959999;1;106452
kart17;False;170;-0,44;1;106506
kart14;False;253;-0,4059999;1;106722
kart5;False;119;-0,438;1;106992
kart8;False;172;-0,5439999;1;106992
kart15;False;83;-0,466;1;107010
kart13;False;108;-0,516;1;107064
kart17;False;43;-0,486;1;107280
kart9;False;95;-0,49;1;107388
kart6;False;209;-0,418;1;107784
kart3;False;161;-0,422;1;107802
kart2;False;104;-0,508;1;107820
kart0;False;153;-0,506;1;107910
kart1;False;86;-0,472;1;108000
kart8;False;71;-0,542;1;108270
kart10;False;266;-0,432;1;108288
kart4;False;255;-0,5099998;1;108324
kart17;False;60;-0,5199999;1;108360
kart14;False;93;-0,586;1;108396
kart12;False;144;-0,488;1;108468
kart5;False;93;-0,486;1;108666
kart7;False;130;-0,5599999;1;108702
kart3;False;53;-0,6059999;1;108756
kart9;False;78;-0,5559999;1;108792
kart11;False;150;-0,4999999;1;108792
kart16;False;143;-0,4859999;1;108828
kart2;False;57;-0,514;1;108846
kart0;False;62;-0,524;1;109026
kart13;False;117;-0,534;1;109170
kart1;False;71;-0,442;1;109278
kart8;False;62;-0,524;1;109386
kart6;False;100;-0,5;1;109584
kart2;False;42;-0,484;1;109602
kart14;False;80;-0,5599999;1;109836
kart17;False;90;-0,48;1;109980
kart15;False;167;-0,5339999;1;110016
kart7;False;74;-0,448;1;110034
kart9;False;82;-0,464;1;110268
kart13;False;61;-0,522;1;110268
kart16;False;85;-0,5699999;1;110358
kart0;False;81;-0,462;1;110484
kart8;False;64;-0,528;1;110538
kart10;False;125;-0,45;1;110538
kart11;False;98;-0,496;1;110556
kart4;False;125;-0,55;1;110574
kart6;False;57;-0,514;1;110610
kart1;False;76;-0,452;1;110646
kart5;False;125;-0,45;1;110916
kart2;False;73;-0,446;1;110916
kart3;False;137;-0,474;1;111222
kart16;False;49;-0,498;1;111240
kart6;False;38;-0,476;1;111294
kart13;False;67;-0,534;1;111474
kart17;False;85;-0,47;1;111510
kart15;False;87;-0,474;1;111582
kart14;False;99;-0,498;1;111618
kart9;False;83;-0,466;1;111762
kart1;False;77;-0,554;1;112032
kart7;False;116;-0,532;1;112122
kart0;False;92;-0,484;1;112140
kart13;False;51;-0,502;1;112392
kart4;False;104;-0,508;1;112446
kart5;False;90;-0,48;1;112536
kart16;False;73;-0,546;1;112554
kart6;False;74;-0,548;1;112626
kart15;False;60;-0,5199999;1;112662
kart8;False;120;-0,44;1;112698
kart3;False;84;-0,468;1;112734
kart2;False;102;-0,5039999;1;112752
kart9;False;68;-0,536;1;112986
kart7;False;55;-0,51;1;113112
kart14;False;84;-0,468;1;113130
kart17;False;101;-0,502;1;113328
kart10;False;164;-0,4279999;1;113490
kart0;False;79;-0,558;1;113562
kart1;False;89;-0,478;1;113634
kart3;False;55;-0,51;1;113724
kart11;False;178;-0,4559999;1;113760
kart2;False;58;-0,516;1;113796
kart12;False;306;-0,4119999;1;113976
kart8;False;74;-0,448;1;114030
kart6;False;82;-0,564;1;114102
kart4;False;93;-0,5859999;1;114120
kart16;False;88;-0,5759999;1;114138
kart15;False;84;-0,5679999;1;114174
kart1;False;35;-0,47;1;114264
kart14;False;64;-0,528;1;114282
kart13;False;108;-0,516;1;114336
kart5;False;100;-0,5;1;114336
kart17;False;70;-0,54;1;114588
kart11;False;50;-0,5;1;114660
kart2;False;63;-0,526;1;114930
kart6;False;47;-0,494;1;114948
kart16;False;59;-0,518;1;115200
kart10;False;110;-0,52;1;115470
kart12;False;87;-0,474;1;115542
kart9;False;152;-0,504;1;115722
kart14;False;84;-0,468;1;115794
kart8;False;99;-0,5979999;1;115812
kart1;False;89;-0,478;1;115866
kart3;False;125;-0,55;1;115974
kart2;False;86;-0,472;1;116478
kart5;False;122;-0,544;1;116532
kart11;False;106;-0,512;1;116568
kart4;False;137;-0,474;1;116586
kart17;False;111;-0,522;1;116586
kart10;False;63;-0,526;1;116604
kart7;False;194;-0,3879999;1;116604
kart14;False;56;-0,512;1;116802
kart12;False;71;-0,5419999;1;116820
kart6;False;106;-0,512;1;116856
kart13;False;145;-0,39;1;116946
kart16;False;98;-0,496;1;116964
kart5;False;39;-0,478;1;117234
kart9;False;89;-0,478;1;117324
kart8;False;88;-0,476;1;117396
kart17;False;59;-0,518;1;117648
kart0;False;229;-0,3579999;1;117684
kart15;False;195;-0,3899999;1;117684
kart11;False;70;-0,44;1;117828
kart7;False;68;-0,536;1;117828
kart2;False;76;-0,452;1;117846
kart1;False;111;-0,522;1;117864
kart14;False;76;-0,452;1;118170
kart6;False;79;-0,5579999;1;118278
kart4;False;95;-0,49;1;118296
kart10;False;95;-0,49;1;118314
kart13;False;77;-0,454;1;118332
kart3;False;136;-0,472;1;118422
kart16;False;82;-0,464;1;118440
kart5;False;72;-0,544;1;118530
kart2;False;40;-0,48;1;118566
kart8;False;68;-0,536;1;118620
kart0;False;67;-0,534;1;118890
kart9;False;87;-0,5739999;1;118890
kart12;False;130;-0,46;1;119160
kart7;False;75;-0,55;1;119178
kart17;False;89;-0,5779999;1;119250
kart10;False;53;-0,506;1;119268
kart15;False;91;-0,482;1;119322
kart11;False;83;-0,466;1;119322
kart6;False;62;-0,524;1;119394
kart5;False;49;-0,498;1;119412
kart2;False;51;-0,502;1;119484
kart13;False;74;-0,448;1;119664
kart4;False;80;-0,5599999;1;119736
kart3;False;73;-0,546;1;119736
kart1;False;108;-0,516;1;119808
kart8;False;70;-0,54;1;119880
kart7;False;45;-0,49;1;119988
kart6;False;50;-0,5;1;120294
kart1;False;31;-0,562;1;120366
kart0;False;84;-0,468;1;120402
kart9;False;84;-0,568;1;120402
kart17;False;64;-0,528;1;120402
kart14;False;126;-0,4519999;1;120438
kart5;False;59;-0,518;1;120474
kart16;False;123;-0,446;1;120654
kart12;False;84;-0,5679999;1;120672
kart13;False;56;-0,512;1;120672
kart10;False;78;-0,556;1;120672
kart2;False;67;-0,534;1;120690
kart15;False;92;-0,484;1;120978
kart7;False;70;-0,54;1;121248
kart3;False;89;-0,478;1;121338
kart5;False;53;-0,506;1;121428
kart8;False;91;-0,482;1;121518
kart0;False;62;-0,524;1;121518
kart4;False;106;-0,512;1;121644
kart17;False;69;-0,538;1;121644
kart6;False;76;-0,452;1;121662
kart10;False;72;-0,544;1;121968
kart13;False;73;-0,546;1;121986
kart11;False;151;-0,5019999;1;122040
kart16;False;78;-0,556;1;122058
kart2;False;80;-0,56;1;122130
kart7;False;49;-0,498;1;122130
kart12;False;81;-0,462;1;122130
kart1;False;100;-0,5;1;122166
kart8;False;51;-0,502;1;122436
kart3;False;64;-0,528;1;122490
kart6;False;59;-0,518;1;122724
kart15;False;106;-0,512;1;122886
kart0;False;82;-0,464;1;122994
kart14;False;146;-0,492;1;123066
kart10;False;73;-0,546;1;123282
kart17;False;91;-0,482;1;123282
kart7;False;65;-0,53;1;123300
kart5;False;108;-0,516;1;123372
kart16;False;79;-0,558;1;123480
kart1;False;74;-0,548;1;123498
kart2;False;86;-0,5719999;1;123678
kart3;False;73;-0,546;1;123804
kart11;False;99;-0,498;1;123822
kart12;False;95;-0,4899999;1;123840
kart9;False;200;-0,4;1;124002
kart4;False;136;-0,472;1;124092
kart13;False;118;-0,436;1;124110
kart14;False;63;-0,526;1;124200
kart10;False;68;-0,536;1;124506
kart15;False;90;-0,5799999;1;124506
kart0;False;88;-0,476;1;124578
kart8;False;127;-0,5539999;1;124722
kart3;False;57;-0,514;1;124830
kart4;False;49;-0,498;1;124974
kart6;False;132;-0,464;1;125100
kart2;False;82;-0,564;1;125154
kart11;False;77;-0,454;1;125208
kart12;False;77;-0,554;1;125226
kart1;False;97;-0,494;1;125244
kart9;False;72;-0,544;1;125298
kart7;False;118;-0,436;1;125424
kart16;False;108;-0,516;1;125424
kart8;False;60;-0,52;1;125802
kart17;False;140;-0,48;1;125802
kart14;False;93;-0,4859999;1;125874
kart5;False;145;-0,49;1;125982
kart2;False;47;-0,494;1;126000
kart13;False;106;-0,512;1;126018
kart6;False;60;-0,52;1;126180
kart9;False;51;-0,502;1;126216
kart0;False;93;-0,486;1;126252
kart12;False;62;-0,524;1;126342
kart1;False;61;-0,522;1;126342
kart7;False;62;-0,424;1;126540
kart3;False;96;-0,492;1;126558
kart15;False;115;-0,43;1;126576
kart16;False;69;-0,538;1;126666
kart11;False;102;-0,504;1;127044
kart8;False;79;-0,458;1;127224
kart17;False;80;-0,46;1;127242
kart5;False;70;-0,54;1;127242
kart13;False;70;-0,54;1;127278
kart1;False;55;-0,51;1;127332
kart4;False;135;-0,47;1;127404
kart14;False;93;-0,486;1;127548
kart0;False;72;-0,544;1;127548
kart15;False;55;-0,51;1;127566
kart10;False;173;-0,4459999;1;127620
kart6;False;83;-0,466;1;127674
kart7;False;65;-0,53;1;127710
kart9;False;94;-0,388;1;127908
kart17;False;38;-0,476;1;127926
kart3;False;78;-0,456;1;127962
kart12;False;92;-0,484;1;127998
kart11;False;55;-0,51;1;128034
kart2;False;119;-0,438;1;128142
kart13;False;48;-0,496;1;128142
kart8;False;66;-0,532;1;128412
kart7;False;47;-0,494;1;128556
kart5;False;76;-0,5519999;1;128610
kart0;False;67;-0,534;1;128754
kart15;False;67;-0,534;1;128772
kart14;False;70;-0,54;1;128808
kart9;False;53;-0,5059999;1;128862
kart8;False;37;-0,574;1;129078
kart3;False;65;-0,53;1;129132
kart6;False;85;-0,47;1;129204
kart4;False;104;-0,6079999;1;129276
kart11;False;70;-0,54;1;129294
kart1;False;113;-0,526;1;129366
kart13;False;70;-0,54;1;129402
kart10;False;112;-0,524;1;129636
kart2;False;86;-0,472;1;129690
kart17;False;98;-0,496;1;129690
kart15;False;58;-0,516;1;129816
kart5;False;68;-0,436;1;129834
kart12;False;106;-0,512;1;129906
kart0;False;68;-0,536;1;129978
kart14;False;65;-0,53;1;129978
kart4;False;64;-0,528;1;130428
kart9;False;96;-0,492;1;130590
kart1;False;79;-0,458;1;130788
kart7;False;126;-0,452;1;130824
kart15;False;59;-0,518;1;130878
kart6;False;95;-0,49;1;130914
kart2;False;69;-0,538;1;130932
kart13;False;88;-0,476;1;130986
kart12;False;63;-0,526;1;131040
kart10;False;79;-0,558;1;131058
kart3;False;109;-0,6179999;1;131094
kart11;False;101;-0,502;1;131112
kart14;False;64;-0,528;1;131130
kart0;False;67;-0,534;1;131184
kart4;False;51;-0,502;1;131346
kart8;False;130;-0,46;1;131418
kart16;False;268;-0,2360003;1;131490
kart5;False;98;-0,496;1;131598
kart7;False;48;-0,496;1;131688
kart17;False;113;-0,526;1;131724
kart1;False;59;-0,518;1;131850
kart9;False;79;-0,558;1;132012
kart14;False;50;-0,5;1;132030
kart10;False;55;-0,51;1;132048
kart13;False;59;-0,518;1;132048
kart6;False;70;-0,54;1;132174
kart12;False;71;-0,542;1;132318
kart5;False;64;-0,528;1;132750
kart11;False;94;-0,5879999;1;132804
kart10;False;43;-0,486;1;132822
kart8;False;81;-0,562;1;132876
kart15;False;111;-0,5219999;1;132876
kart2;False;111;-0,522;1;132930
kart4;False;101;-0,502;1;133164
kart16;False;100;-0,4;1;133290
kart6;False;69;-0,538;1;133416
kart0;False;127;-0,554;1;133470
kart7;False;100;-0,5;1;133488
kart17;False;107;-0,414;1;133650
kart10;False;51;-0,502;1;133740
kart1;False;105;-0,51;1;133740
kart3;False;148;-0,4959999;1;133758
kart14;False;110;-0,52;1;134010
kart9;False;115;-0,43;1;134082
kart4;False;66;-0,532;1;134352
kart8;False;83;-0,5659999;1;134370
kart15;False;92;-0,484;1;134532
kart12;False;136;-0,472;1;134766
kart0;False;74;-0,548;1;134802
kart10;False;64;-0,528;1;134892
kart5;False;121;-0,442;1;134928
kart6;False;85;-0,5699999;1;134946
kart3;False;73;-0,5459999;1;135072
kart16;False;102;-0,504;1;135126
kart11;False;133;-0,466;1;135198
kart1;False;93;-0,486;1;135414
kart7;False;116;-0,4319999;1;135576
kart17;False;113;-0,426;1;135684
kart9;False;95;-0,49;1;135792
kart5;False;49;-0,4979999;1;135810
kart2;False;166;-0,432;1;135918
kart13;False;216;-0,432;1;135936
kart14;False;111;-0,4219999;1;136008
kart10;False;69;-0,438;1;136134
kart8;False;106;-0,512;1;136278
kart4;False;108;-0,516;1;136296
kart6;False;80;-0,46;1;136386
kart16;False;74;-0,448;1;136458
kart12;False;105;-0,51;1;136656
kart3;False;95;-0,5899999;1;136782
kart14;False;45;-0,49;1;136818
kart17;False;71;-0,5419999;1;136962
kart9;False;66;-0,532;1;136980
kart4;False;42;-0,484;1;137052
kart2;False;65;-0,53;1;137088
kart1;False;97;-0,494;1;137160
kart11;False;110;-0,52;1;137178
kart0;False;138;-0,476;1;137286
kart15;False;156;-0,512;1;137340
kart5;False;86;-0,572;1;137358
kart12;False;46;-0,492;1;137484
kart13;False;90;-0,48;1;137556
kart8;False;73;-0,546;1;137592
kart10;False;88;-0,476;1;137718
kart6;False;78;-0,456;1;137790
kart14;False;70;-0,54;1;138078
kart3;False;73;-0,5459999;1;138096
kart7;False;145;-0,49;1;138186
kart12;False;46;-0,492;1;138312
kart17;False;77;-0,554;1;138348
kart4;False;73;-0,546;1;138366
kart11;False;68;-0,536;1;138402
kart9;False;86;-0,472;1;138528
kart5;False;69;-0,538;1;138600
kart10;False;51;-0,502;1;138636
kart1;False;83;-0,466;1;138654
kart16;False;134;-0,5679999;1;138870
kart3;False;46;-0,492;1;138924
kart2;False;104;-0,508;1;138960
kart0;False;99;-0,498;1;139068
kart8;False;86;-0,5719999;1;139140
kart6;False;75;-0,55;1;139140
kart15;False;102;-0,504;1;139176
kart13;False;102;-0,504;1;139392
kart17;False;61;-0,522;1;139446
kart3;False;40;-0,48;1;139644
kart1;False;56;-0,512;1;139662
kart10;False;57;-0,514;1;139662
kart14;False;91;-0,482;1;139716
kart11;False;80;-0,56;1;139842
kart7;False;102;-0,504;1;140022
kart12;False;97;-0,4939999;1;140058
kart5;False;86;-0,572;1;140148
kart13;False;50;-0,5;1;140292
kart4;False;109;-0,418;1;140328
kart0;False;70;-0,44;1;140328
kart17;False;53;-0,506;1;140400
kart15;False;86;-0,472;1;140724
kart2;False;100;-0,5;1;140760
kart10;False;62;-0,524;1;140778
kart6;False;94;-0,488;1;140832
kart1;False;67;-0,534;1;140868
kart16;False;111;-0,522;1;140868
kart9;False;136;-0,472;1;140976
kart5;False;53;-0,5059999;1;141102
kart7;False;62;-0,524;1;141138
kart3;False;84;-0,568;1;141156
kart12;False;71;-0,442;1;141336
kart13;False;67;-0,534;1;141498
kart11;False;93;-0,5859999;1;141516
kart8;False;145;-0,39;1;141750
kart15;False;75;-0,45;1;142074
kart10;False;73;-0,546;1;142092
kart4;False;100;-0,5;1;142128
kart0;False;103;-0,6059999;1;142182
kart2;False;82;-0,564;1;142236
kart7;False;61;-0,522;1;142236
kart11;False;43;-0,486;1;142290
kart17;False;115;-0,43;1;142470
kart3;False;76;-0,452;1;142524
kart13;False;61;-0,522;1;142596
kart9;False;92;-0,484;1;142632
kart5;False;85;-0,47;1;142632
kart8;False;51;-0,502;1;142668
kart6;False;105;-0,51;1;142722
kart16;False;106;-0,512;1;142776
kart12;False;83;-0,566;1;142830
kart7;False;41;-0,482;1;142974
kart0;False;53;-0,506;1;143136
kart8;False;44;-0,488;1;143460
kart2;False;69;-0,5379999;1;143478
kart4;False;77;-0,454;1;143514
kart1;False;148;-0,496;1;143532
kart15;False;83;-0,5659999;1;143568
kart11;False;81;-0,562;1;143748
kart5;False;64;-0,5279999;1;143784
kart10;False;98;-0,5959998;1;143856
kart16;False;63;-0,526;1;143910
kart17;False;88;-0,476;1;144054
kart3;False;89;-0,478;1;144126
kart6;False;85;-0,47;1;144252
kart4;False;48;-0,496;1;144378
kart7;False;80;-0,46;1;144414
kart12;False;96;-0,492;1;144558
kart0;False;85;-0,47;1;144666
kart5;False;55;-0,51;1;144774
kart17;False;42;-0,484;1;144810
kart9;False;125;-0,45;1;144882
kart3;False;46;-0,492;1;144954
kart1;False;80;-0,46;1;144972
kart15;False;81;-0,462;1;145026
kart10;False;74;-0,548;1;145188
kart16;False;73;-0,446;1;145224
kart2;False;103;-0,506;1;145332
kart5;False;46;-0,492;1;145602
kart7;False;68;-0,536;1;145638
kart12;False;63;-0,526;1;145692
kart13;False;173;-0,446;1;145710
kart8;False;135;-0,47;1;145890
kart2;False;39;-0,478;1;146034
kart17;False;71;-0,542;1;146088
kart6;False;106;-0,5119999;1;146160
kart4;False;101;-0,5019999;1;146196
kart9;False;73;-0,446;1;146196
kart15;False;75;-0,45;1;146376
kart0;False;109;-0,518;1;146628
kart3;False;93;-0,486;1;146628
kart16;False;78;-0,556;1;146628
kart12;False;53;-0,506;1;146646
kart11;False;164;-0,5279999;1;146700
kart10;False;87;-0,474;1;146754
kart17;False;41;-0,482;1;146826
kart13;False;62;-0,524;1;146826
kart1;False;105;-0,5099999;1;146862
kart7;False;87;-0,474;1;147204
kart5;False;90;-0,48;1;147222
kart14;False;425;-0,2500002;1;147366
kart0;False;49;-0,498;1;147510
kart6;False;84;-0,468;1;147672
kart2;False;94;-0,5879999;1;147726
kart11;False;60;-0,52;1;147780
kart10;False;59;-0,518;1;147816
kart12;False;66;-0,432;1;147834
kart1;False;54;-0,508;1;147834
kart4;False;95;-0,4899999;1;147906
kart8;False;120;-0,44;1;148050
kart17;False;82;-0,464;1;148302
kart3;False;94;-0,488;1;148320
kart16;False;95;-0,49;1;148338
kart5;False;79;-0,458;1;148644
kart9;False;136;-0,472;1;148644
kart13;False;102;-0,504;1;148662
kart6;False;60;-0,52;1;148752
kart4;False;49;-0,498;1;148788
kart11;False;74;-0,548;1;149112
kart14;False;100;-0,5;1;149166
kart15;False;161;-0,522;1;149274
kart10;False;83;-0,466;1;149310
kart16;False;60;-0,52;1;149418
kart12;False;94;-0,488;1;149526
kart0;False;115;-0,53;1;149580
kart1;False;97;-0,494;1;149580
kart17;False;74;-0,548;1;149634
kart2;False;115;-0,43;1;149796
kart9;False;64;-0,528;1;149796
kart7;False;146;-0,3919999;1;149832
kart8;False;102;-0,504;1;149886
kart6;False;68;-0,536;1;149976
kart5;False;83;-0,466;1;150138
kart11;False;57;-0,514;1;150138
kart3;False;108;-0,516;1;150264
kart13;False;99;-0,498;1;150444
kart14;False;71;-0,542;1;150444
kart16;False;57;-0,514;1;150444
kart0;False;56;-0,512;1;150588
kart15;False;79;-0,558;1;150696
kart4;False;109;-0,418;1;150750
kart6;False;56;-0,512;1;150984
kart1;False;81;-0,462;1;151038
kart9;False;72;-0,444;1;151092
kart2;False;74;-0,548;1;151128
kart11;False;56;-0,512;1;151146
kart17;False;92;-0,3839999;1;151290
kart16;False;49;-0,498;1;151326
kart12;False;105;-0,41;1;151416
kart7;False;91;-0,482;1;151470
kart14;False;62;-0,524;1;151560
kart10;False;126;-0,552;1;151578
kart8;False;100;-0,5;1;151686
kart3;False;79;-0,458;1;151686
kart15;False;68;-0,536;1;151920
kart13;False;97;-0,494;1;152190
kart0;False;92;-0,484;1;152244
kart6;False;70;-0,54;1;152244
kart2;False;72;-0,544;1;152424
kart12;False;57;-0,514;1;152442
kart5;False;134;-0,468;1;152550
kart9;False;85;-0,47;1;152622
kart17;False;80;-0,46;1;152730
kart14;False;75;-0,45;1;152910
kart11;False;100;-0,4999999;1;152946
kart8;False;70;-0,54;1;152946
kart7;False;92;-0,5839999;1;153126
kart3;False;86;-0,472;1;153234
kart13;False;61;-0,522;1;153288
kart16;False;119;-0,438;1;153468
kart15;False;95;-0,5899999;1;153630
kart1;False;154;-0,5079999;1;153810
kart5;False;71;-0,542;1;153828
kart6;False;94;-0,488;1;153936
kart10;False;131;-0,5619999;1;153936
kart9;False;81;-0,562;1;154080
kart14;False;71;-0,542;1;154188
kart12;False;108;-0,5159999;1;154386
kart13;False;63;-0,526;1;154422
kart8;False;84;-0,568;1;154458
kart4;False;209;-0,4179999;1;154512
kart11;False;92;-0,4839999;1;154602
kart16;False;66;-0,532;1;154656
kart15;False;67;-0,434;1;154836
kart17;False;120;-0,54;1;154890
kart0;False;147;-0,4939999;1;154890
kart3;False;95;-0,5899999;1;154944
kart1;False;67;-0,534;1;155016
kart7;False;124;-0,448;1;155358
kart16;False;43;-0,486;1;155430
kart10;False;86;-0,472;1;155484
kart6;False;88;-0,5759999;1;155520
kart8;False;60;-0,52;1;155538
kart11;False;61;-0,522;1;155700
kart4;False;75;-0,45;1;155862
kart13;False;81;-0,462;1;155880
kart9;False;103;-0,6059999;1;155934
kart3;False;58;-0,516;1;155988
kart1;False;60;-0,52;1;156096
kart17;False;81;-0,562;1;156348
kart12;False;110;-0,52;1;156366
kart0;False;86;-0,572;1;156438
kart14;False;125;-0,45;1;156438
kart7;False;61;-0,522;1;156456
kart2;False;230;-0,3599999;1;156564
kart15;False;99;-0,498;1;156618
kart10;False;69;-0,438;1;156726
kart11;False;60;-0,52;1;156780
kart6;False;74;-0,548;1;156852
kart8;False;81;-0,462;1;156996
kart16;False;100;-0,5;1;157230
kart3;False;80;-0,5599999;1;157428
kart15;False;51;-0,502;1;157536
kart12;False;68;-0,536;1;157590
kart7;False;67;-0,534;1;157662
kart9;False;97;-0,494;1;157680
kart2;False;73;-0,5459999;1;157878
kart17;False;93;-0,486;1;158022
kart10;False;78;-0,456;1;158130
kart0;False;96;-0,492;1;158166
kart1;False;120;-0,44;1;158256
kart13;False;133;-0,466;1;158274
kart14;False;105;-0,51;1;158328
kart16;False;61;-0,522;1;158328
kart8;False;75;-0,45;1;158346
kart12;False;48;-0,496;1;158454
kart5;False;259;-0,4179998;1;158490
kart11;False;104;-0,508;1;158652
kart3;False;69;-0,538;1;158670
kart6;False;111;-0,522;1;158850
kart7;False;76;-0,452;1;159030
kart17;False;59;-0,5179999;1;159084
kart15;False;91;-0,582;1;159174
kart4;False;192;-0,3839999;1;159318
kart9;False;91;-0,482;1;159318
kart8;False;57;-0,514;1;159372
kart11;False;49;-0,498;1;159534
kart16;False;68;-0,536;1;159552
kart0;False;78;-0,5559999;1;159570
kart10;False;90;-0,48;1;159750
kart13;False;84;-0,468;1;159786
kart6;False;54;-0,508;1;159822
kart1;False;89;-0,478;1;159858
kart14;False;86;-0,5719999;1;159876
kart7;False;49;-0,4979999;1;159912
kart2;False;118;-0,436;1;160002
kart3;False;92;-0,484;1;160326
kart15;False;73;-0,546;1;160488
kart0;False;58;-0,5159999;1;160614
kart16;False;64;-0,528;1;160704
kart6;False;52;-0,504;1;160758
kart9;False;80;-0,46;1;160758
kart17;False;106;-0,512;1;160992
kart8;False;90;-0,48;1;160992
kart5;False;142;-0,484;1;161046
kart11;False;87;-0,474;1;161100
kart4;False;102;-0,504;1;161154
kart7;False;69;-0,538;1;161154
kart10;False;92;-0,484;1;161406
kart1;False;97;-0,494;1;161604
kart15;False;62;-0,524;1;161604
kart2;False;93;-0,486;1;161676
kart3;False;76;-0,552;1;161694
kart0;False;67;-0,534;1;161820
kart12;False;190;-0,48;1;161874
kart13;False;123;-0,446;1;162000
kart14;False;119;-0,5379999;1;162018
kart16;False;76;-0,5519999;1;162072
kart11;False;61;-0,422;1;162198
kart5;False;68;-0,436;1;162270
kart17;False;80;-0,56;1;162432
kart6;False;95;-0,49;1;162468
kart4;False;76;-0,452;1;162522
kart10;False;64;-0,528;1;162558
kart16;False;47;-0,494;1;162918
kart13;False;52;-0,504;1;162936
kart7;False;107;-0,514;1;163080
kart3;False;86;-0,472;1;163242
kart15;False;97;-0,494;1;163350
kart9;False;152;-0,5039999;1;163494
kart8;False;141;-0,482;1;163530
kart0;False;96;-0,492;1;163548
kart6;False;62;-0,524;1;163584
kart1;False;115;-0,4299999;1;163674
kart2;False;115;-0,43;1;163746
kart12;False;110;-0,52;1;163854
kart17;False;79;-0,458;1;163854
kart14;False;104;-0,508;1;163890
kart11;False;97;-0,494;1;163944
kart16;False;69;-0,538;1;164160
kart9;False;59;-0,518;1;164556
kart13;False;92;-0,484;1;164592
kart17;False;41;-0,582;1;164592
kart8;False;63;-0,526;1;164664
kart7;False;90;-0,48;1;164700
kart10;False;122;-0,544;1;164754
kart6;False;72;-0,444;1;164880
kart15;False;86;-0,472;1;164898
kart0;False;78;-0,456;1;164952
kart14;False;62;-0,5239999;1;165006
kart3;False;99;-0,5979999;1;165024
kart1;False;78;-0,556;1;165078
kart2;False;75;-0,55;1;165096
kart5;False;178;-0,4559999;1;165474
kart12;False;94;-0,4879999;1;165546
kart15;False;38;-0,476;1;165582
kart4;False;171;-0,4419999;1;165600
kart16;False;83;-0,466;1;165654
kart14;False;40;-0,48;1;165726
kart11;False;103;-0,506;1;165798
kart9;False;79;-0,458;1;165978
kart13;False;78;-0,456;1;165996
kart17;False;83;-0,466;1;166086
kart7;False;80;-0,56;1;166140
kart3;False;64;-0,528;1;166176
kart8;False;95;-0,49;1;166374
kart6;False;84;-0,568;1;166392
kart5;False;55;-0,5099999;1;166464
kart11;False;46;-0,492;1;166626
kart15;False;65;-0,53;1;166752
kart0;False;102;-0,504;1;166788
kart12;False;71;-0,542;1;166824
kart2;False;104;-0,408;1;166968
kart17;False;54;-0,508;1;167058
kart14;False;79;-0,458;1;167148
kart13;False;66;-0,532;1;167184
kart1;False;117;-0,434;1;167184
kart10;False;145;-0,4899999;1;167364
kart4;False;104;-0,508;1;167472
kart6;False;61;-0,522;1;167490
kart16;False;102;-0,504;1;167490
kart5;False;62;-0,524;1;167580
kart7;False;101;-0,502;1;167958
kart12;False;65;-0,53;1;167994
kart8;False;100;-0,4;1;168174
kart14;False;57;-0,514;1;168174
kart1;False;55;-0,51;1;168174
kart9;False;122;-0,444;1;168174
kart11;False;89;-0,5779999;1;168228
kart5;False;44;-0,488;1;168372
kart17;False;74;-0,548;1;168390
kart3;False;129;-0,458;1;168498
kart15;False;100;-0,3999999;1;168552
kart13;False;87;-0,474;1;168750
kart12;False;47;-0,494;1;168840
kart2;False;109;-0,5179999;1;168930
kart8;False;43;-0,486;1;168948
kart1;False;50;-0,5;1;169074
kart9;False;54;-0,508;1;169146
kart6;False;98;-0,496;1;169254
kart14;False;76;-0,552;1;169542
kart7;False;92;-0,484;1;169614
kart5;False;74;-0,548;1;169704
kart4;False;133;-0,4659999;1;169866
kart3;False;77;-0,554;1;169884
kart0;False;173;-0,346;1;169902
kart15;False;81;-0,462;1;170010
kart1;False;57;-0,514;1;170100
kart17;False;100;-0,5;1;170190
kart8;False;73;-0,5459999;1;170262
kart9;False;68;-0,536;1;170370
kart16;False;173;-0,5459998;1;170604
kart1;False;32;-0,464;1;170676
kart14;False;63;-0,526;1;170676
kart11;False;139;-0,478;1;170730
kart0;False;53;-0,506;1;170856
kart5;False;65;-0,53;1;170874
kart6;False;90;-0,48;1;170874
kart2;False;116;-0,532;1;171018
kart13;False;135;-0,47;1;171180
kart15;False;68;-0,436;1;171234
kart10;False;224;-0,448;1;171396
kart9;False;64;-0,528;1;171522
kart1;False;57;-0,514;1;171702
kart3;False;104;-0,5079999;1;171756
kart4;False;108;-0,516;1;171810
kart12;False;178;-0,456;1;172044
kart14;False;79;-0,458;1;172098
kart5;False;76;-0,452;1;172242
kart2;False;68;-0,536;1;172242
kart0;False;78;-0,456;1;172260
kart10;False;48;-0,496;1;172260
kart7;False;154;-0,508;1;172386
kart6;False;85;-0,5699999;1;172404
kart15;False;73;-0,446;1;172548
kart8;False;133;-0,466;1;172656
kart3;False;68;-0,536;1;172980
kart11;False;128;-0,456;1;173034
kart0;False;47;-0,494;1;173106
kart13;False;107;-0,514;1;173106
kart14;False;58;-0,516;1;173142
kart7;False;48;-0,496;1;173250
kart10;False;56;-0,512;1;173268
kart2;False;63;-0,526;1;173376
kart8;False;46;-0,492;1;173484
kart17;False;189;-0,478;1;173592
kart16;False;180;-0,46;1;173844
kart5;False;93;-0,4859999;1;173916
kart10;False;54;-0,508;1;174240
kart4;False;137;-0,474;1;174276
kart6;False;104;-0,508;1;174276
kart0;False;72;-0,544;1;174402
kart3;False;90;-0,48;1;174600
kart9;False;172;-0,4439999;1;174618
kart7;False;77;-0,554;1;174636
kart15;False;119;-0,438;1;174690
kart13;False;89;-0,478;1;174708
kart8;False;69;-0,438;1;174726
kart12;False;154;-0,508;1;174816
kart2;False;82;-0,464;1;174852
kart14;False;103;-0,506;1;174996
kart17;False;94;-0,488;1;175284
kart1;False;204;-0,508;1;175374
kart0;False;58;-0,516;1;175446
kart13;False;42;-0,584;1;175464
kart10;False;71;-0,542;1;175518
kart16;False;98;-0,396;1;175608
kart9;False;63;-0,526;1;175752
kart4;False;83;-0,566;1;175770
kart7;False;68;-0,536;1;175860
kart11;False;158;-0,516;1;175878
kart5;False;117;-0,534;1;176022
kart12;False;74;-0,548;1;176148
kart14;False;67;-0,434;1;176202
kart8;False;83;-0,466;1;176220
kart3;False;92;-0,5839999;1;176256
kart6;False;112;-0,524;1;176292
kart15;False;93;-0,486;1;176364
kart13;False;65;-0,53;1;176634
kart4;False;62;-0,5239999;1;176886
kart10;False;76;-0,552;1;176886
kart2;False;120;-0,4399999;1;177012
kart17;False;103;-0,506;1;177138
kart5;False;63;-0,526;1;177156
kart11;False;75;-0,55;1;177228
kart0;False;101;-0,502;1;177264
kart9;False;89;-0,478;1;177354
kart8;False;73;-0,446;1;177534
kart14;False;76;-0,552;1;177570
kart3;False;74;-0,448;1;177588
kart1;False;126;-0,552;1;177642
kart16;False;118;-0,536;1;177732
kart15;False;82;-0,564;1;177840
kart7;False;115;-0,53;1;177930
kart2;False;52;-0,504;1;177948
kart13;False;81;-0,462;1;178092
kart17;False;54;-0,508;1;178110
kart5;False;62;-0,524;1;178272
kart11;False;68;-0,436;1;178452
kart12;False;128;-0,4559999;1;178452
kart6;False;120;-0,44;1;178452
kart4;False;103;-0,506;1;178740
kart14;False;78;-0,456;1;178974
kart9;False;92;-0,484;1;179010
kart15;False;65;-0,53;1;179010
kart0;False;98;-0,496;1;179028
kart8;False;84;-0,468;1;179046
kart16;False;74;-0,448;1;179064
kart1;False;80;-0,46;1;179082
kart10;False;134;-0,5679999;1;179298
kart13;False;74;-0,548;1;179424
kart5;False;67;-0,534;1;179478
kart11;False;66;-0,532;1;179640
kart17;False;89;-0,478;1;179712
kart2;False;101;-0,502;1;179766
kart12;False;73;-0,546;1;179766
kart15;False;47;-0,494;1;179856
kart4;False;82;-0,464;1;180216
kart3;False;147;-0,494;1;180234
kart0;False;75;-0,45;1;180378
kart11;False;51;-0,502;1;180558
kart7;False;148;-0,496;1;180594
kart9;False;91;-0,482;1;180648
kart1;False;92;-0,484;1;180738
kart8;False;98;-0,496;1;180810
kart6;False;139;-0,478;1;180954
kart10;False;96;-0,492;1;181026
kart15;False;66;-0,432;1;181044
kart2;False;74;-0,548;1;181098
kart3;False;48;-0,496;1;181098
kart14;False;123;-0,4459999;1;181188
kart17;False;85;-0,47;1;181242
kart5;False;102;-0,504;1;181314
kart0;False;69;-0,538;1;181620
kart13;False;122;-0,444;1;181620
kart11;False;78;-0,456;1;181962
kart16;False;164;-0,4279999;1;182016
kart7;False;81;-0,562;1;182052
kart10;False;59;-0,518;1;182088
kart17;False;48;-0,496;1;182106
kart12;False;145;-0,49;1;182376
kart8;False;88;-0,576;1;182394
kart2;False;73;-0,446;1;182412
kart6;False;82;-0,464;1;182430
kart9;False;102;-0,504;1;182484
kart13;False;50;-0,5;1;182520
kart5;False;68;-0,436;1;182538
kart4;False;134;-0,4679999;1;182628
kart15;False;93;-0,486;1;182718
kart14;False;85;-0,47;1;182718
kart1;False;115;-0,53;1;182808
kart11;False;59;-0,518;1;183024
kart7;False;58;-0,516;1;183096
kart0;False;90;-0,48;1;183240
kart10;False;81;-0,5619999;1;183546
kart6;False;64;-0,528;1;183582
kart5;False;59;-0,518;1;183600
kart12;False;74;-0,548;1;183708
kart3;False;147;-0,494;1;183744
kart14;False;61;-0,522;1;183816
kart11;False;45;-0,4899999;1;183834
kart13;False;79;-0,458;1;183942
kart16;False;111;-0,522;1;184014
kart17;False;109;-0,5179999;1;184068
kart8;False;94;-0,488;1;184086
kart1;False;71;-0,5419999;1;184086
kart9;False;89;-0,478;1;184086
kart4;False;83;-0,466;1;184122
kart2;False;99;-0,4979999;1;184194
kart6;False;41;-0,482;1;184320
kart14;False;36;-0,472;1;184464
kart5;False;54;-0,508;1;184572
kart13;False;42;-0,484;1;184698
kart8;False;37;-0,474;1;184752
kart15;False;119;-0,538;1;184860
kart1;False;46;-0,492;1;184914
kart3;False;69;-0,438;1;184986
kart16;False;63;-0,526;1;185148
kart0;False;111;-0,6219998;1;185238
kart7;False;120;-0,44;1;185256
kart12;False;103;-0,506;1;185562
kart11;False;96;-0,492;1;185562
kart6;False;70;-0,54;1;185580
kart13;False;55;-0,5099999;1;185688
kart10;False;121;-0,5420001;1;185724
kart8;False;58;-0,516;1;185796
kart5;False;74;-0,548;1;185904
kart2;False;97;-0,494;1;185940
kart4;False;108;-0,516;1;186066
kart14;False;91;-0,482;1;186102
kart17;False;115;-0,43;1;186138
kart12;False;48;-0,496;1;186426
kart3;False;80;-0,5599999;1;186426
kart16;False;79;-0,458;1;186570
kart11;False;57;-0,514;1;186588
kart7;False;85;-0,47;1;186786
kart5;False;52;-0,504;1;186840
kart15;False;117;-0,434;1;186966
kart0;False;96;-0,492;1;186966
kart1;False;114;-0,528;1;186966
kart9;False;167;-0,4339998;1;187092
kart2;False;65;-0,53;1;187110
kart13;False;83;-0,566;1;187182
kart8;False;85;-0,47;1;187326
kart10;False;91;-0,582;1;187362
kart12;False;54;-0,508;1;187398
kart14;False;78;-0,456;1;187506
kart6;False;111;-0,522;1;187578
kart17;False;98;-0,596;1;187902
kart1;False;70;-0,54;1;188226
kart11;False;92;-0,5839999;1;188244
kart3;False;108;-0,516;1;188370
kart2;False;74;-0,448;1;188442
kart0;False;85;-0,47;1;188496
kart5;False;93;-0,486;1;188514
kart14;False;58;-0,516;1;188550
kart8;False;71;-0,542;1;188604
kart15;False;92;-0,484;1;188622
kart4;False;142;-0,484;1;188622
kart12;False;69;-0,438;1;188640
kart13;False;106;-0,5119999;1;189090
kart9;False;111;-0,522;1;189090
kart17;False;75;-0,5499999;1;189252
kart7;False;138;-0,476;1;189270
kart16;False;150;-0,3999999;1;189270
kart2;False;56;-0,512;1;189450
kart8;False;50;-0,5;1;189504
kart4;False;51;-0,502;1;189540
kart14;False;59;-0,518;1;189612
kart0;False;62;-0,524;1;189612
kart5;False;66;-0,532;1;189702
kart6;False;123;-0,446;1;189792
kart11;False;88;-0,5759999;1;189828
kart1;False;97;-0,494;1;189972
kart13;False;53;-0,506;1;190044
kart3;False;94;-0,488;1;190062
kart12;False;82;-0,464;1;190116
kart9;False;69;-0,538;1;190332
kart4;False;47;-0,494;1;190386
kart2;False;52;-0,504;1;190386
kart0;False;51;-0,502;1;190530
kart7;False;71;-0,542;1;190548
kart17;False;77;-0,454;1;190638
kart16;False;80;-0,46;1;190710
kart15;False;117;-0,534;1;190728
kart14;False;67;-0,434;1;190818
kart10;False;212;-0,4239998;1;191178
kart9;False;48;-0,496;1;191196
kart12;False;69;-0,438;1;191358
kart11;False;87;-0,474;1;191394
kart4;False;59;-0,518;1;191448
kart15;False;41;-0,482;1;191466
kart8;False;112;-0,524;1;191520
kart13;False;85;-0,47;1;191574
kart1;False;90;-0,48;1;191592
kart2;False;72;-0,544;1;191682
kart5;False;111;-0,422;1;191700
kart6;False;111;-0,522;1;191790
kart3;False;114;-0,5279999;1;192114
kart0;False;95;-0,49;1;192240
kart9;False;63;-0,526;1;192330
kart14;False;95;-0,49;1;192528
kart7;False;114;-0,5279999;1;192600
kart5;False;51;-0,502;1;192618
kart12;False;77;-0,554;1;192744
kart1;False;65;-0,53;1;192762
kart4;False;82;-0,564;1;192924
kart8;False;85;-0,47;1;193050
kart11;False;98;-0,496;1;193158
kart10;False;114;-0,528;1;193230
kart2;False;87;-0,5739999;1;193248
kart3;False;72;-0,444;1;193410
kart16;False;156;-0,412;1;193518
kart0;False;79;-0,558;1;193662
kart15;False;124;-0,5479999;1;193698
kart9;False;80;-0,5599999;1;193770
kart5;False;65;-0,53;1;193788
kart17;False;183;-0,466;1;193932
kart4;False;58;-0,516;1;193968
kart1;False;68;-0,536;1;193986
kart12;False;73;-0,546;1;194058
kart3;False;42;-0,484;1;194166
kart7;False;100;-0,4999999;1;194400
kart13;False;158;-0,516;1;194418
kart8;False;81;-0,462;1;194508
kart2;False;74;-0,548;1;194580
kart16;False;63;-0,526;1;194652
kart14;False;133;-0,3659999;1;194922
kart15;False;72;-0,444;1;194994
kart17;False;59;-0,518;1;194994
kart4;False;58;-0,516;1;195012
kart7;False;35;-0,47;1;195030
kart9;False;73;-0,5459999;1;195084
kart5;False;74;-0,548;1;195120
kart1;False;65;-0,53;1;195156
kart3;False;57;-0,514;1;195192
kart16;False;62;-0,524;1;195768
kart2;False;68;-0,536;1;195804
kart12;False;100;-0,5;1;195858
kart8;False;78;-0,456;1;195912
kart0;False;127;-0,454;1;195948
kart4;False;55;-0,51;1;196002
kart13;False;90;-0,48;1;196038
kart11;False;165;-0,53;1;196128
kart10;False;168;-0,436;1;196254
kart17;False;72;-0,544;1;196290
kart9;False;73;-0,546;1;196398
kart14;False;83;-0,466;1;196416
kart1;False;74;-0,548;1;196488
kart15;False;85;-0,47;1;196524
kart16;False;56;-0,512;1;196776
kart7;False;99;-0,4979999;1;196812
kart0;False;51;-0,502;1;196866
kart13;False;46;-0,492;1;196866
kart2;False;80;-0,56;1;197244
kart6;False;306;-0,4119998;1;197298
kart12;False;91;-0,482;1;197496
kart1;False;61;-0,522;1;197586
kart9;False;70;-0,54;1;197658
kart11;False;91;-0,482;1;197766
kart8;False;104;-0,5079998;1;197784
kart3;False;147;-0,3939999;1;197838
kart10;False;88;-0,476;1;197838
kart17;False;98;-0,496;1;198054
kart5;False;165;-0,5299999;1;198090
kart4;False;117;-0,434;1;198108
kart7;False;84;-0,568;1;198324
kart15;False;102;-0,504;1;198360
kart14;False;108;-0,516;1;198360
kart16;False;88;-0,5759999;1;198360
kart6;False;68;-0,436;1;198522
kart13;False;94;-0,488;1;198558
kart3;False;49;-0,498;1;198720
kart2;False;90;-0,48;1;198864
kart8;False;61;-0,522;1;198882
kart12;False;78;-0,456;1;198900
kart11;False;78;-0,556;1;199170
kart7;False;50;-0,5;1;199224
kart17;False;71;-0,542;1;199332
kart5;False;76;-0,552;1;199458
kart9;False;107;-0,6139998;1;199584
kart14;False;69;-0,538;1;199602
kart1;False;114;-0,428;1;199638
kart4;False;85;-0,47;1;199638
kart6;False;66;-0,5319999;1;199710
kart13;False;66;-0,532;1;199746
kart11;False;38;-0,476;1;199854
kart16;False;83;-0,5659999;1;199854
kart0;False;190;-0,48;1;200286
kart3;False;91;-0,482;1;200358
kart17;False;62;-0,5239999;1;200448
kart5;False;57;-0,5139999;1;200484
kart14;False;58;-0,516;1;200646
kart7;False;80;-0,56;1;200664
kart11;False;49;-0,498;1;200736
kart9;False;77;-0,454;1;200970
kart2;False;117;-0,534;1;200970
kart1;False;75;-0,45;1;200988
kart8;False;117;-0,434;1;200988
kart13;False;69;-0,538;1;200988
kart10;False;189;-0,4779999;1;201240
kart16;False;81;-0,462;1;201312
kart6;False;89;-0,478;1;201312
kart15;False;171;-0,4419999;1;201438
kart1;False;48;-0,496;1;201852
kart12;False;166;-0,432;1;201888
kart11;False;67;-0,534;1;201942
kart3;False;95;-0,4899999;1;202068
kart17;False;90;-0,48;1;202068
kart13;False;61;-0,522;1;202086
kart9;False;66;-0,432;1;202158
kart2;False;67;-0,5339999;1;202176
kart0;False;107;-0,514;1;202212
kart14;False;88;-0,576;1;202230
kart10;False;57;-0,514;1;202266
kart5;False;106;-0,412;1;202392
kart8;False;94;-0,488;1;202680
kart2;False;41;-0,482;1;202914
kart15;False;94;-0,488;1;203130
kart4;False;204;-0,4079999;1;203310
kart13;False;69;-0,538;1;203328
kart10;False;61;-0,522;1;203364
kart0;False;68;-0,536;1;203436
kart8;False;46;-0,492;1;203508
kart5;False;63;-0,526;1;203526
kart17;False;87;-0,474;1;203634
kart6;False;138;-0,476;1;203796
kart3;False;99;-0,498;1;203850
kart9;False;95;-0,49;1;203868
kart7;False;185;-0,47;1;203994
kart11;False;115;-0,43;1;204012
kart1;False;122;-0,5439999;1;204048
kart2;False;68;-0,536;1;204138
kart8;False;70;-0,54;1;204768
kart4;False;85;-0,5699999;1;204840
kart12;False;165;-0,4299999;1;204858
kart17;False;69;-0,5379999;1;204876
kart6;False;64;-0,528;1;204948
kart15;False;102;-0,5039999;1;204966
kart16;False;203;-0,4059999;1;204966
kart11;False;56;-0,512;1;205020
kart10;False;97;-0,494;1;205110
kart5;False;90;-0,48;1;205146
kart13;False;107;-0,514;1;205254
kart14;False;171;-0,4419999;1;205308
kart0;False;110;-0,5199999;1;205416
kart1;False;90;-0,48;1;205668
kart7;False;101;-0,402;1;205812
kart8;False;59;-0,518;1;205830
kart3;False;111;-0,5219999;1;205848
kart9;False;110;-0,52;1;205848
kart2;False;97;-0,494;1;205884
kart16;False;62;-0,524;1;206082
kart10;False;55;-0,51;1;206100
kart6;False;68;-0,536;1;206172
kart11;False;80;-0,46;1;206460
kart14;False;68;-0,536;1;206532
kart13;False;79;-0,458;1;206676
kart4;False;110;-0,52;1;206820
kart7;False;58;-0,516;1;206856
kart12;False;111;-0,422;1;206856
kart5;False;96;-0,492;1;206874
kart8;False;62;-0,524;1;206946
kart16;False;55;-0,51;1;207072
kart6;False;64;-0,528;1;207324
kart9;False;87;-0,474;1;207414
kart10;False;73;-0,446;1;207414
kart3;False;95;-0,49;1;207558
kart2;False;94;-0,5879999;1;207576
kart16;False;43;-0,486;1;207846
kart0;False;136;-0,472;1;207864
kart7;False;58;-0,516;1;207900
kart17;False;169;-0,438;1;207918
kart5;False;64;-0,528;1;208026
kart8;False;66;-0,532;1;208134
kart14;False;97;-0,4939999;1;208278
kart11;False;102;-0,504;1;208296
kart15;False;196;-0,492;1;208494
kart2;False;56;-0,512;1;208584
kart3;False;64;-0,528;1;208710
kart13;False;116;-0,532;1;208764
kart10;False;77;-0,454;1;208800
kart6;False;83;-0,466;1;208818
kart4;False;114;-0,528;1;208872
kart12;False;113;-0,526;1;208890
kart17;False;59;-0,518;1;208980
kart0;False;63;-0,526;1;208998
kart1;False;189;-0,4779998;1;209070
kart16;False;73;-0,5459999;1;209160
kart9;False;101;-0,502;1;209232
kart8;False;67;-0,434;1;209340
kart14;False;62;-0,524;1;209394
kart17;False;35;-0,47;1;209610
kart2;False;59;-0,518;1;209646
kart13;False;51;-0,502;1;209682
kart11;False;91;-0,5819999;1;209934
kart0;False;52;-0,504;1;209934
kart3;False;69;-0,538;1;209952
kart15;False;86;-0,572;1;210042
kart1;False;54;-0,508;1;210042
kart10;False;69;-0,438;1;210042
kart12;False;65;-0,53;1;210060
kart14;False;43;-0,486;1;210168
kart8;False;48;-0,496;1;210204
kart16;False;58;-0,516;1;210204
kart9;False;65;-0,53;1;210402
kart13;False;42;-0,484;1;210438
kart5;False;139;-0,378;1;210528
kart2;False;50;-0,5;1;210546
kart6;False;98;-0,396;1;210582
kart17;False;70;-0,54;1;210870
kart0;False;52;-0,504;1;210870
kart12;False;49;-0,498;1;210942
kart16;False;45;-0,49;1;211014
kart7;False;176;-0,4519999;1;211068
kart11;False;65;-0,53;1;211104
kart4;False;125;-0,4499999;1;211122
kart3;False;67;-0,434;1;211158
kart17;False;33;-0,566;1;211464
kart15;False;81;-0,462;1;211500
kart5;False;59;-0,518;1;211590
kart1;False;87;-0,474;1;211608
kart10;False;87;-0,474;1;211608
kart14;False;81;-0,462;1;211626
kart2;False;64;-0,528;1;211698
kart7;False;42;-0,484;1;211824
kart8;False;94;-0,488;1;211896
kart0;False;60;-0,52;1;211950
kart6;False;78;-0,556;1;211986
kart3;False;50;-0,5;1;212058
kart11;False;53;-0,506;1;212058
kart16;False;64;-0,528;1;212166
kart14;False;32;-0,464;1;212202
kart13;False;98;-0,496;1;212202
kart9;False;103;-0,506;1;212256
kart12;False;82;-0,464;1;212418
kart1;False;51;-0,502;1;212526
kart5;False;55;-0,51;1;212580
kart2;False;49;-0,498;1;212580
kart4;False;83;-0,466;1;212616
kart8;False;44;-0,488;1;212688
kart17;False;70;-0,44;1;212724
kart15;False;68;-0,536;1;212724
kart10;False;70;-0,54;1;212868
kart7;False;59;-0,5179999;1;212886
kart0;False;58;-0,516;1;212994
kart13;False;46;-0,492;1;213030
kart1;False;31;-0,462;1;213084
kart11;False;58;-0,516;1;213102
kart3;False;60;-0,52;1;213138
kart14;False;81;-0,462;1;213660
kart6;False;94;-0,488;1;213678
kart5;False;67;-0,534;1;213786
kart1;False;45;-0,49;1;213894
kart10;False;57;-0,514;1;213894
kart4;False;74;-0,448;1;213948
kart15;False;75;-0,45;1;214074
kart16;False;107;-0,414;1;214092
kart17;False;77;-0,554;1;214110
kart0;False;64;-0,528;1;214146
kart9;False;106;-0,512;1;214164
kart13;False;63;-0,426;1;214164
kart3;False;66;-0,532;1;214326
kart12;False;107;-0,414;1;214344
kart8;False;96;-0,492;1;214416
kart6;False;42;-0,484;1;214434
kart11;False;75;-0,55;1;214452
kart2;False;118;-0,436;1;214704
kart13;False;33;-0,466;1;214758
kart7;False;106;-0,5119999;1;214794
kart15;False;42;-0,484;1;214830
kart16;False;45;-0,49;1;214902
kart5;False;68;-0,536;1;215010
kart4;False;63;-0,526;1;215082
kart14;False;80;-0,56;1;215100
kart0;False;55;-0,51;1;215136
kart10;False;73;-0,546;1;215208
kart1;False;74;-0,448;1;215226
kart17;False;72;-0,544;1;215406
kart12;False;60;-0,52;1;215424
kart8;False;62;-0,424;1;215532
kart3;False;71;-0,542;1;215604
kart2;False;51;-0,502;1;215622
kart14;False;30;-0,46;1;215640
kart16;False;52;-0,504;1;215838
kart15;False;60;-0,52;1;215910
kart6;False;83;-0,466;1;215928
kart10;False;47;-0,494;1;216054
kart13;False;76;-0,552;1;216126
kart9;False;114;-0,4279999;1;216216
kart12;False;48;-0,496;1;216288
kart5;False;72;-0,444;1;216306
kart0;False;65;-0,53;1;216306
kart17;False;51;-0,502;1;216324
kart11;False;109;-0,418;1;216414
kart4;False;78;-0,556;1;216486
kart8;False;55;-0,51;1;216522
kart2;False;54;-0,508;1;216594
kart1;False;80;-0,46;1;216666
kart3;False;74;-0,448;1;216936
kart14;False;73;-0,446;1;216954
kart13;False;52;-0,5039999;1;217062
kart5;False;49;-0,498;1;217188
kart0;False;50;-0,5;1;217206
kart15;False;74;-0,548;1;217242
kart7;False;137;-0,4739999;1;217260
kart10;False;70;-0,44;1;217314
kart11;False;51;-0,502;1;217332
kart9;False;75;-0,55;1;217566
kart1;False;50;-0,5;1;217566
kart4;False;66;-0,532;1;217674
kart8;False;64;-0,428;1;217674
kart12;False;82;-0,464;1;217764
kart6;False;103;-0,406;1;217782
kart17;False;82;-0,464;1;217800
kart13;False;48;-0,496;1;217926
kart3;False;58;-0,516;1;217980
kart0;False;44;-0,488;1;217998
kart2;False;87;-0,474;1;218160
kart5;False;57;-0,514;1;218214
kart14;False;80;-0,56;1;218394
kart11;False;64;-0,528;1;218484
kart16;False;148;-0,496;1;218502
kart15;False;71;-0,542;1;218520
kart6;False;47;-0,494;1;218628
kart10;False;75;-0,55;1;218664
kart1;False;65;-0,53;1;218736
kart9;False;68;-0,436;1;218790
kart7;False;85;-0,47;1;218790
kart4;False;67;-0,534;1;218880
kart5;False;38;-0,576;1;218898
kart3;False;52;-0,504;1;218916
kart12;False;69;-0,538;1;219006
kart0;False;64;-0,528;1;219150
kart13;False;71;-0,442;1;219204
kart17;False;79;-0,458;1;219222
kart8;False;96;-0,492;1;219402
kart3;False;41;-0,482;1;219654
kart5;False;43;-0,486;1;219672
kart15;False;68;-0,536;1;219744
kart14;False;75;-0,55;1;219744
kart7;False;55;-0,51;1;219780
kart0;False;40;-0,48;1;219870
kart4;False;55;-0,51;1;219870
kart2;False;98;-0,496;1;219924
kart11;False;80;-0,46;1;219924
kart6;False;74;-0,548;1;219960
kart16;False;84;-0,468;1;220014
kart9;False;77;-0,454;1;220176
kart8;False;44;-0,488;1;220194
kart10;False;87;-0,474;1;220230
kart1;False;93;-0,486;1;220410
kart3;False;64;-0,428;1;220806
kart13;False;94;-0,488;1;220896
kart12;False;108;-0,5159999;1;220950
kart4;False;62;-0,524;1;220986
kart5;False;73;-0,546;1;220986
kart11;False;61;-0,522;1;221022
kart14;False;72;-0,4439999;1;221040
kart17;False;101;-0,502;1;221040
kart15;False;77;-0,554;1;221130
kart0;False;71;-0,442;1;221148
kart10;False;52;-0,504;1;221166
kart2;False;69;-0,538;1;221166
kart7;False;85;-0,47;1;221310
kart8;False;66;-0,5319999;1;221382
kart1;False;55;-0,51;1;221400
kart6;False;82;-0,464;1;221436
kart9;False;71;-0,542;1;221454
kart11;False;36;-0,472;1;221670
kart14;False;43;-0,486;1;221814
kart4;False;50;-0,5;1;221886
kart16;False;108;-0,516;1;221958
kart6;False;37;-0,474;1;222102
kart15;False;55;-0,51;1;222120
kart12;False;66;-0,432;1;222138
kart10;False;56;-0,512;1;222174
kart0;False;57;-0,514;1;222174
kart5;False;71;-0,542;1;222264
kart17;False;70;-0,44;1;222300
kart2;False;72;-0,544;1;222462
kart1;False;63;-0,526;1;222534
kart11;False;50;-0,5;1;222570
kart3;False;108;-0,416;1;222750
kart9;False;75;-0,45;1;222804
kart8;False;83;-0,5659999;1;222876
kart10;False;41;-0,482;1;222912
kart4;False;62;-0,524;1;223002
kart14;False;71;-0,542;1;223092
kart15;False;54;-0,508;1;223092
kart16;False;67;-0,534;1;223164
kart13;False;132;-0,464;1;223272
kart7;False;111;-0,5219999;1;223308
kart12;False;66;-0,532;1;223326
kart6;False;74;-0,548;1;223434
kart1;False;53;-0,506;1;223488
kart0;False;76;-0,452;1;223542
kart5;False;84;-0,468;1;223776
kart8;False;58;-0,516;1;223920
kart10;False;59;-0,518;1;223974
kart2;False;85;-0,47;1;223992
kart9;False;68;-0,536;1;224028
kart11;False;81;-0,462;1;224028
kart14;False;53;-0,506;1;224046
kart6;False;49;-0,498;1;224316
kart15;False;75;-0,45;1;224442
kart16;False;73;-0,546;1;224478
kart3;False;98;-0,496;1;224514
kart1;False;60;-0,52;1;224568
kart2;False;38;-0,476;1;224676
kart0;False;66;-0,532;1;224730
kart7;False;80;-0,46;1;224748
kart4;False;97;-0,494;1;224748
kart5;False;55;-0,51;1;224766
kart13;False;87;-0,474;1;224838
kart9;False;53;-0,506;1;224982
kart17;False;157;-0,414;1;225126
kart8;False;73;-0,446;1;225234
kart6;False;55;-0,51;1;225306
kart3;False;45;-0,49;1;225324
kart10;False;78;-0,456;1;225378
kart14;False;85;-0,47;1;225576
kart0;False;52;-0,504;1;225666
kart4;False;52;-0,504;1;225684
kart15;False;69;-0,538;1;225684
kart12;False;131;-0,5619998;1;225684
kart7;False;56;-0,512;1;225756
kart16;False;75;-0,55;1;225828
kart1;False;74;-0,448;1;225900
kart11;False;113;-0,526;1;226062
kart2;False;86;-0,472;1;226224
kart17;False;61;-0,522;1;226224
kart3;False;53;-0,506;1;226278
kart13;False;81;-0,462;1;226296
kart5;False;89;-0,478;1;226368
kart9;False;82;-0,464;1;226458
kart10;False;64;-0,528;1;226530
kart14;False;58;-0,516;1;226620
kart0;False;55;-0,51;1;226656
kart6;False;87;-0,474;1;226872
kart12;False;67;-0,534;1;226890
kart4;False;74;-0,448;1;227016
kart15;False;76;-0,452;1;227052
kart7;False;75;-0,45;1;227106
kart11;False;60;-0,52;1;227142
kart16;False;75;-0,55;1;227178
kart8;False;110;-0,52;1;227214
kart1;False;75;-0,55;1;227250
kart17;False;68;-0,536;1;227448
kart14;False;47;-0,494;1;227466
kart9;False;59;-0,5179999;1;227520
kart5;False;65;-0,53;1;227538
kart10;False;62;-0,524;1;227646
kart3;False;80;-0,46;1;227718
kart13;False;83;-0,5659999;1;227790
kart2;False;92;-0,484;1;227880
kart7;False;44;-0,488;1;227898
kart6;False;58;-0,516;1;227916
kart0;False;73;-0,546;1;227970
kart16;False;51;-0,502;1;228096
kart12;False;79;-0,458;1;228312
kart15;False;71;-0,442;1;228330
kart8;False;65;-0,53;1;228384
kart10;False;43;-0,486;1;228420
kart1;False;75;-0,45;1;228600
kart17;False;64;-0,528;1;228600
kart5;False;60;-0,52;1;228618
kart7;False;47;-0,494;1;228744
kart4;False;98;-0,4959999;1;228780
kart11;False;91;-0,482;1;228780
kart2;False;57;-0,514;1;228906
kart14;False;80;-0,46;1;228906
kart13;False;63;-0,526;1;228924
kart12;False;49;-0,498;1;229194
kart16;False;68;-0,436;1;229320
kart0;False;80;-0,46;1;229410
kart9;False;110;-0,52;1;229500
kart8;False;64;-0,5279999;1;229536
kart3;False;103;-0,506;1;229572
kart2;False;42;-0,484;1;229662
kart17;False;62;-0,524;1;229716
kart10;False;74;-0,548;1;229752
kart6;False;105;-0,5099999;1;229806
kart4;False;63;-0,526;1;229914
kart1;False;78;-0,456;1;230004
kart7;False;71;-0,442;1;230022
kart11;False;71;-0,542;1;230058
kart13;False;67;-0,534;1;230130
kart14;False;69;-0,538;1;230148
kart9;False;48;-0,496;1;230364
kart15;False;119;-0,5379999;1;230472
kart16;False;66;-0,532;1;230508
kart5;False;119;-0,5379999;1;230760
kart14;False;35;-0,47;1;230778
kart10;False;60;-0,52;1;230832
kart2;False;67;-0,5339999;1;230868
kart0;False;82;-0,464;1;230886
kart8;False;77;-0,554;1;230922
kart7;False;50;-0,5;1;230922
kart3;False;76;-0,552;1;230940
kart12;False;98;-0,496;1;230958
kart6;False;76;-0,452;1;231174
kart16;False;41;-0,482;1;231246
kart13;False;66;-0,532;1;231318
kart1;False;75;-0,45;1;231354
kart17;False;91;-0,482;1;231354
kart15;False;49;-0,498;1;231354
kart11;False;73;-0,446;1;231372
kart9;False;62;-0,524;1;231480
kart4;False;93;-0,486;1;231588
kart2;False;50;-0,5;1;231768
kart3;False;61;-0,522;1;232038
kart0;False;67;-0,534;1;232092
kart8;False;68;-0,536;1;232146
kart16;False;52;-0,504;1;232182
kart1;False;51;-0,5019999;1;232272
kart15;False;54;-0,508;1;232326
kart10;False;86;-0,572;1;232380
kart12;False;81;-0,462;1;232416
kart5;False;95;-0,49;1;232470
kart4;False;54;-0,508;1;232560
kart14;False;99;-0,5979999;1;232560
kart17;False;68;-0,436;1;232578
kart9;False;62;-0,424;1;232596
kart6;False;80;-0,46;1;232614
kart7;False;98;-0,496;1;232686
kart13;False;79;-0,458;1;232740
kart2;False;61;-0,522;1;232866
kart0;False;50;-0,5;1;232992
kart11;False;95;-0,49;1;233082
kart15;False;43;-0,486;1;233100
kart8;False;55;-0,51;1;233136
kart3;False;65;-0,4299999;1;233208
kart1;False;64;-0,528;1;233424
kart7;False;42;-0,484;1;233442
kart6;False;48;-0,496;1;233478
kart14;False;59;-0,518;1;233622
kart2;False;45;-0,49;1;233676
kart4;False;63;-0,526;1;233694
kart12;False;76;-0,452;1;233784
kart0;False;49;-0,498;1;233874
kart16;False;96;-0,492;1;233910
kart3;False;44;-0,488;1;234000
kart5;False;90;-0,48;1;234090
kart11;False;63;-0,526;1;234216
kart6;False;59;-0,5179999;1;234540
kart13;False;101;-0,402;1;234558
kart17;False;112;-0,424;1;234594
kart10;False;129;-0,458;1;234702
kart1;False;72;-0,544;1;234720
kart8;False;88;-0,476;1;234720
kart7;False;72;-0,544;1;234738
kart14;False;65;-0,53;1;234792
kart15;False;95;-0,49;1;234810
kart4;False;64;-0,528;1;234846
kart9;False;127;-0,5539999;1;234882
kart2;False;78;-0,456;1;235080
kart5;False;57;-0,514;1;235116
kart3;False;62;-0,524;1;235116
kart0;False;70;-0,54;1;235134
kart12;False;87;-0,574;1;235350
kart6;False;59;-0,518;1;235602
kart16;False;98;-0,496;1;235674
kart7;False;53;-0,506;1;235692
kart3;False;33;-0,566;1;235710
kart4;False;49;-0,498;1;235728
kart14;False;61;-0,522;1;235890
kart10;False;68;-0,536;1;235926
kart11;False;98;-0,396;1;235980
kart1;False;72;-0,444;1;236016
kart13;False;81;-0,462;1;236016
kart15;False;71;-0,542;1;236088
kart17;False;90;-0,48;1;236214
kart12;False;54;-0,508;1;236322
kart8;False;91;-0,482;1;236358
kart9;False;99;-0,498;1;236664
kart2;False;90;-0,48;1;236700
kart11;False;42;-0,484;1;236736
kart7;False;64;-0,428;1;236844
kart4;False;64;-0,528;1;236880
kart1;False;50;-0,5;1;236916
kart15;False;46;-0,492;1;236916
kart6;False;74;-0,548;1;236934
kart5;False;105;-0,41;1;237006
kart16;False;79;-0,458;1;237096
kart13;False;64;-0,528;1;237168
kart0;False;114;-0,428;1;237186
kart12;False;48;-0,496;1;237186
kart10;False;73;-0,546;1;237240
kart14;False;89;-0,478;1;237492
kart8;False;63;-0,526;1;237492
kart11;False;47;-0,494;1;237582
kart3;False;111;-0,522;1;237708
kart17;False;83;-0,466;1;237708
kart9;False;65;-0,53;1;237834
kart6;False;62;-0,524;1;238050
kart15;False;67;-0,534;1;238122
kart8;False;37;-0,474;1;238158
kart2;False;83;-0,466;1;238194
kart1;False;71;-0,5419999;1;238194
kart7;False;80;-0,56;1;238284
kart5;False;72;-0,444;1;238302
kart16;False;68;-0,436;1;238320
kart4;False;81;-0,462;1;238338
kart10;False;73;-0,446;1;238554
kart0;False;78;-0,456;1;238590
kart13;False;80;-0,5599999;1;238608
kart3;False;51;-0,502;1;238626
kart14;False;65;-0,53;1;238662
kart12;False;82;-0,464;1;238662
kart9;False;75;-0,55;1;239184
kart6;False;63;-0,526;1;239184
kart7;False;52;-0,504;1;239220
kart17;False;85;-0,47;1;239238
kart15;False;65;-0,53;1;239292
kart11;False;95;-0,49;1;239292
kart8;False;68;-0,536;1;239382
kart13;False;44;-0,488;1;239400
kart2;False;72;-0,444;1;239490
kart5;False;67;-0,434;1;239508
kart4;False;65;-0,53;1;239508
kart10;False;57;-0,514;1;239580
kart0;False;57;-0,514;1;239616
kart12;False;54;-0,508;1;239634
kart16;False;77;-0,454;1;239706
kart6;False;44;-0,488;1;239976
kart1;False;100;-0,5;1;239994
kart14;False;78;-0,556;1;240066
kart13;False;50;-0,5;1;240300
kart12;False;40;-0,48;1;240354
kart3;False;102;-0,504;1;240462
kart11;False;67;-0,434;1;240498
kart2;False;61;-0,522;1;240588
kart9;False;80;-0,46;1;240624
kart17;False;82;-0,464;1;240714
kart5;False;69;-0,538;1;240750
kart8;False;76;-0,452;1;240750
kart15;False;84;-0,568;1;240804
kart4;False;75;-0,55;1;240858
kart7;False;94;-0,488;1;240912
kart1;False;55;-0,51;1;240984
kart6;False;60;-0,52;1;241056
kart10;False;92;-0,484;1;241236
kart14;False;65;-0,53;1;241236
kart9;False;54;-0,508;1;241596
kart3;False;65;-0,53;1;241632
kart16;False;107;-0,414;1;241632
kart13;False;80;-0,46;1;241740
kart11;False;70;-0,54;1;241758
kart17;False;61;-0,522;1;241812
kart0;False;130;-0,46;1;241956
kart2;False;79;-0,458;1;242010
kart1;False;65;-0,43;1;242154
kart10;False;56;-0,512;1;242244
kart8;False;83;-0,466;1;242244
kart3;False;35;-0,47;1;242262
kart12;False;106;-0,512;1;242262
kart4;False;85;-0,47;1;242388
kart13;False;37;-0,474;1;242406
kart9;False;53;-0,506;1;242550
kart15;False;98;-0,5959999;1;242568
kart5;False;103;-0,5059999;1;242604
kart7;False;96;-0,492;1;242640
kart6;False;92;-0,5839999;1;242712
kart16;False;66;-0,532;1;242820
kart8;False;40;-0,58;1;242964
kart11;False;68;-0,536;1;242982
kart14;False;99;-0,398;1;243018
kart2;False;62;-0,524;1;243126
kart1;False;56;-0,512;1;243162
kart0;False;67;-0,534;1;243162
kart7;False;32;-0,464;1;243216
kart13;False;49;-0,498;1;243288
kart3;False;67;-0,534;1;243468
kart17;False;95;-0,49;1;243522
kart10;False;77;-0,554;1;243630
kart9;False;63;-0,526;1;243684
kart15;False;64;-0,528;1;243720
kart4;False;81;-0,462;1;243846
kart12;False;88;-0,476;1;243846
kart8;False;52;-0,504;1;243900
kart11;False;54;-0,508;1;243954
kart5;False;77;-0,554;1;243990
kart16;False;73;-0,546;1;244134
kart2;False;58;-0,516;1;244170
kart14;False;71;-0,542;1;244296
kart13;False;58;-0,516;1;244332
kart6;False;90;-0,48;1;244332
kart3;False;50;-0,5;1;244368
kart0;False;77;-0,454;1;244548
kart1;False;83;-0,5659999;1;244656
kart4;False;47;-0,494;1;244692
kart10;False;65;-0,53;1;244800
kart7;False;103;-0,506;1;245070
kart9;False;77;-0,454;1;245070
kart17;False;89;-0,478;1;245124
kart0;False;36;-0,472;1;245196
kart12;False;76;-0,452;1;245214
kart16;False;66;-0,532;1;245322
kart11;False;77;-0,454;1;245340
kart8;False;83;-0,466;1;245394
kart5;False;79;-0,458;1;245412
kart15;False;94;-0,488;1;245412
kart6;False;61;-0,522;1;245430
kart4;False;43;-0,486;1;245466
kart1;False;63;-0,526;1;245790
kart14;False;86;-0,572;1;245844
kart3;False;88;-0,476;1;245952
kart2;False;102;-0,504;1;246006
kart10;False;69;-0,438;1;246042
kart7;False;59;-0,518;1;246132
kart9;False;62;-0,524;1;246186
kart13;False;110;-0,52;1;246312
kart5;False;54;-0,508;1;246384
kart4;False;51;-0,502;1;246384
kart1;False;36;-0,572;1;246438
kart17;False;77;-0,454;1;246510
kart16;False;72;-0,544;1;246618
kart0;False;84;-0,468;1;246708
kart6;False;72;-0,544;1;246726
kart11;False;79;-0,458;1;246762
kart3;False;47;-0,494;1;246798
kart10;False;47;-0,494;1;246888
kart15;False;83;-0,466;1;246906
kart8;False;95;-0,49;1;247104
kart9;False;51;-0,502;1;247104
kart2;False;70;-0,54;1;247266
kart7;False;64;-0,428;1;247284
kart6;False;35;-0,47;1;247356
kart14;False;89;-0,5779999;1;247446
kart16;False;47;-0,494;1;247464
kart12;False;126;-0,452;1;247482
kart11;False;47;-0,494;1;247608
kart13;False;72;-0,444;1;247608
kart5;False;71;-0,442;1;247662
kart10;False;56;-0,512;1;247896
kart4;False;86;-0,472;1;247932
kart1;False;88;-0,476;1;248022
kart17;False;90;-0,48;1;248130
kart9;False;61;-0,522;1;248202
kart8;False;63;-0,526;1;248238
kart7;False;61;-0,522;1;248382
kart3;False;89;-0,478;1;248400
kart6;False;59;-0,518;1;248418
kart14;False;54;-0,508;1;248418
kart11;False;46;-0,5919999;1;248436
kart12;False;59;-0,518;1;248544
kart15;False;91;-0,482;1;248544
kart16;False;63;-0,526;1;248598
kart2;False;74;-0,548;1;248598
kart13;False;59;-0,518;1;248670
kart17;False;31;-0,562;1;248688
kart4;False;46;-0,492;1;248760
kart5;False;66;-0,532;1;248850
kart0;False;121;-0,442;1;248886
kart1;False;51;-0,502;1;248940
kart3;False;40;-0,48;1;249120
kart6;False;40;-0,48;1;249138
kart10;False;79;-0,458;1;249318
kart7;False;57;-0,514;1;249408
kart8;False;66;-0,432;1;249426
kart9;False;68;-0,436;1;249426
kart17;False;51;-0,502;1;249606
kart4;False;48;-0,496;1;249624
kart13;False;57;-0,514;1;249696
kart14;False;73;-0,546;1;249732
kart2;False;72;-0,444;1;249894
kart6;False;44;-0,488;1;249930
kart0;False;61;-0,522;1;249984
kart3;False;58;-0,516;1;250164
kart12;False;90;-0,48;1;250164
kart5;False;75;-0,55;1;250200
kart15;False;92;-0,484;1;250200
kart1;False;71;-0,442;1;250218
kart9;False;46;-0,492;1;250254
kart10;False;55;-0,51;1;250308
kart16;False;100;-0,5;1;250398
kart11;False;124;-0,5479999;1;250668
kart13;False;65;-0,53;1;250866
kart17;False;71;-0,542;1;250884
kart14;False;69;-0,538;1;250974
kart2;False;63;-0,526;1;251028
kart6;False;63;-0,526;1;251064
kart8;False;92;-0,484;1;251082
kart16;False;40;-0,48;1;251118
kart7;False;100;-0,5;1;251208
kart0;False;72;-0,544;1;251280
kart10;False;54;-0,508;1;251280
kart12;False;67;-0,434;1;251370
kart15;False;70;-0,44;1;251460
kart1;False;70;-0,44;1;251478
kart3;False;73;-0,546;1;251478
kart5;False;71;-0,542;1;251478
kart4;False;105;-0,51;1;251514
kart13;False;52;-0,504;1;251802
kart9;False;87;-0,474;1;251820
kart14;False;59;-0,518;1;252036
kart11;False;76;-0,452;1;252036
kart8;False;68;-0,536;1;252306
kart17;False;81;-0,462;1;252342
kart1;False;52;-0,5039999;1;252414
kart10;False;63;-0,4259999;1;252414
kart16;False;76;-0,452;1;252486
kart7;False;71;-0,442;1;252486
kart2;False;85;-0,47;1;252558
kart5;False;64;-0,528;1;252630
kart6;False;91;-0,482;1;252702
kart0;False;80;-0,56;1;252720
kart15;False;76;-0,452;1;252828
kart13;False;60;-0,52;1;252882
kart4;False;77;-0,554;1;252900
kart3;False;80;-0,46;1;252918
kart14;False;52;-0,5039999;1;252972
kart11;False;54;-0,508;1;253008
kart12;False;95;-0,49;1;253080
kart9;False;74;-0,448;1;253152
kart10;False;42;-0,484;1;253170
kart1;False;49;-0,498;1;253296
kart7;False;47;-0,494;1;253332
kart16;False;58;-0,516;1;253530
kart17;False;66;-0,432;1;253530
kart8;False;69;-0,438;1;253548
kart15;False;45;-0,59;1;253638
kart5;False;63;-0,526;1;253764
kart4;False;48;-0,496;1;253764
kart3;False;48;-0,496;1;253782
kart0;False;61;-0,522;1;253818
kart9;False;47;-0,494;1;253998
kart12;False;55;-0,51;1;254070
kart14;False;66;-0,532;1;254160
kart10;False;60;-0,52;1;254250
kart2;False;94;-0,4879999;1;254250
kart11;False;70;-0,54;1;254268
kart13;False;83;-0,466;1;254376
kart17;False;47;-0,494;1;254376
kart6;False;96;-0,492;1;254430
kart7;False;68;-0,536;1;254556
kart1;False;83;-0,466;1;254790
kart8;False;69;-0,538;1;254790
kart3;False;60;-0,42;1;254862
kart4;False;65;-0,53;1;254934
kart15;False;72;-0,544;1;254934
kart16;False;83;-0,466;1;255024
kart11;False;42;-0,484;1;255024
kart9;False;57;-0,514;1;255024
kart10;False;44;-0,488;1;255042
kart17;False;41;-0,482;1;255114
kart12;False;62;-0,524;1;255186
kart14;False;61;-0,522;1;255258
kart0;False;82;-0,464;1;255294
kart7;False;46;-0,492;1;255384
kart5;False;92;-0,484;1;255420
kart2;False;69;-0,538;1;255492
kart8;False;54;-0,508;1;255762
kart11;False;42;-0,484;1;255780
kart4;False;49;-0,498;1;255816
kart3;False;55;-0,51;1;255852
kart10;False;48;-0,496;1;255906
kart17;False;51;-0,502;1;256032
kart1;False;72;-0,444;1;256086
kart9;False;62;-0,524;1;256140
kart7;False;43;-0,486;1;256158
kart13;False;101;-0,502;1;256194
kart6;False;102;-0,504;1;256266
kart2;False;48;-0,496;1;256356
kart12;False;67;-0,534;1;256392
kart15;False;82;-0,464;1;256410
kart16;False;85;-0,47;1;256554
kart14;False;75;-0,45;1;256608
kart5;False;67;-0,534;1;256626
kart0;False;79;-0,458;1;256716
kart17;False;51;-0,502;1;256950
kart6;False;41;-0,482;1;257004
kart3;False;66;-0,532;1;257040
kart15;False;42;-0,484;1;257166
kart1;False;61;-0,422;1;257184
kart4;False;77;-0,454;1;257202
kart11;False;80;-0,46;1;257220
kart7;False;60;-0,52;1;257238
kart13;False;61;-0,422;1;257292
kart0;False;36;-0,472;1;257364
kart9;False;70;-0,54;1;257400
kart12;False;62;-0,524;1;257508
kart14;False;53;-0,506;1;257562
kart10;False;96;-0,492;1;257634
kart2;False;79;-0,558;1;257778
kart5;False;64;-0,5279999;1;257778
kart16;False;77;-0,554;1;257940
kart17;False;61;-0,522;1;258048
kart8;False;127;-0,4539999;1;258048
kart1;False;49;-0,498;1;258066
kart6;False;59;-0,518;1;258066
kart14;False;33;-0,466;1;258156
kart9;False;45;-0,49;1;258210
kart11;False;62;-0,524;1;258336
kart12;False;52;-0,504;1;258444
kart3;False;82;-0,464;1;258516
kart15;False;75;-0,55;1;258516
kart4;False;80;-0,46;1;258642
kart10;False;59;-0,518;1;258696
kart2;False;56;-0,512;1;258786
kart7;False;87;-0,4739999;1;258804
kart17;False;53;-0,506;1;259002
kart0;False;92;-0,484;1;259020
kart1;False;57;-0,514;1;259092
kart9;False;57;-0,514;1;259236
kart8;False;66;-0,532;1;259236
kart16;False;76;-0,452;1;259308
kart13;False;114;-0,428;1;259344
kart14;False;68;-0,436;1;259380
kart10;False;46;-0,492;1;259524
kart5;False;98;-0,496;1;259542
kart6;False;88;-0,5759999;1;259650
kart3;False;66;-0,532;1;259704
kart11;False;76;-0,552;1;259704
kart12;False;74;-0,448;1;259776
kart7;False;63;-0,526;1;259938
kart15;False;82;-0,464;1;259992
kart13;False;38;-0,576;1;260028
kart9;False;48;-0,496;1;260100
kart17;False;68;-0,436;1;260226
kart5;False;40;-0,58;1;260262
kart0;False;73;-0,446;1;260334
kart2;False;87;-0,574;1;260352
kart4;False;97;-0,494;1;260388
kart11;False;43;-0,486;1;260478
kart1;False;83;-0,466;1;260586
kart16;False;75;-0,55;1;260658
kart3;False;76;-0,552;1;261072
kart8;False;102;-0,504;1;261072
kart14;False;94;-0,4879999;1;261072
kart6;False;84;-0,468;1;261162
kart15;False;67;-0,434;1;261198
kart13;False;69;-0,538;1;261270
kart7;False;76;-0,452;1;261306
kart10;False;100;-0,5;1;261324
kart0;False;56;-0,512;1;261342
kart9;False;75;-0,55;1;261450
kart5;False;67;-0,534;1;261468
kart12;False;96;-0,492;1;261504
kart2;False;65;-0,53;1;261522
kart17;False;75;-0,45;1;261576
kart11;False;67;-0,534;1;261684
kart4;False;74;-0,448;1;261720
kart1;False;67;-0,534;1;261792
kart8;False;47;-0,494;1;261918
kart13;False;39;-0,478;1;261972
kart10;False;39;-0,478;1;262026
kart15;False;51;-0,502;1;262116
kart16;False;83;-0,466;1;262152
kart12;False;45;-0,49;1;262314
kart14;False;70;-0,54;1;262332
kart3;False;73;-0,446;1;262386
kart7;False;61;-0,522;1;262404
kart17;False;50;-0,5;1;262476
kart9;False;58;-0,516;1;262494
kart11;False;48;-0,496;1;262548
kart5;False;71;-0,4419999;1;262746
kart6;False;90;-0,5799999;1;262782
kart1;False;59;-0,5179999;1;262854
kart2;False;76;-0,552;1;262890
kart13;False;53;-0,506;1;262926
kart0;False;90;-0,48;1;262962
kart16;False;45;-0,49;1;262962
kart4;False;71;-0,442;1;262998
kart12;False;53;-0,506;1;263268
kart9;False;44;-0,488;1;263286
kart7;False;51;-0,502;1;263322
kart3;False;52;-0,504;1;263322
kart8;False;79;-0,558;1;263340
kart15;False;70;-0,44;1;263376
kart11;False;60;-0,42;1;263628
kart14;False;82;-0,464;1;263808
kart10;False;100;-0,5;1;263826
kart6;False;62;-0,424;1;263898
kart1;False;59;-0,518;1;263916
kart0;False;57;-0,514;1;263988
kart4;False;57;-0,514;1;264024
kart17;False;88;-0,476;1;264060
kart2;False;72;-0,444;1;264186
kart5;False;88;-0,476;1;264330
kart12;False;63;-0,526;1;264402
kart3;False;68;-0,436;1;264546
kart11;False;55;-0,51;1;264618
kart8;False;72;-0,444;1;264636
kart4;False;43;-0,486;1;264798
kart9;False;84;-0,468;1;264798
kart16;False;102;-0,4039999;1;264798
kart2;False;35;-0,47;1;264816
kart15;False;82;-0,564;1;264852
kart13;False;110;-0,52;1;264906
kart1;False;63;-0,526;1;265050
kart10;False;69;-0,538;1;265068
kart14;False;76;-0,452;1;265176
kart7;False;106;-0,512;1;265230
kart3;False;41;-0,482;1;265284
kart17;False;71;-0,542;1;265338
kart6;False;82;-0,564;1;265374
kart12;False;64;-0,528;1;265554
kart5;False;78;-0,456;1;265734
kart16;False;53;-0,506;1;265752
kart0;False;99;-0,498;1;265770
kart8;False;63;-0,526;1;265770
kart15;False;54;-0,508;1;265824
kart2;False;59;-0,518;1;265878
kart11;False;73;-0,446;1;265932
kart10;False;57;-0,514;1;266094
kart17;False;47;-0,494;1;266184
kart7;False;56;-0,512;1;266238
kart1;False;73;-0,546;1;266364
kart0;False;46;-0,492;1;266598
kart13;False;94;-0,488;1;266598
kart12;False;61;-0,522;1;266652
kart14;False;87;-0,474;1;266742
kart11;False;49;-0,498;1;266814
kart3;False;87;-0,474;1;266850
kart9;False;114;-0,428;1;266850
kart4;False;115;-0,53;1;266868
kart2;False;59;-0,518;1;266940
kart10;False;49;-0,498;1;266976
kart16;False;68;-0,536;1;266976
kart6;False;90;-0,48;1;266994
kart17;False;53;-0,506;1;267138
kart5;False;81;-0,462;1;267192
kart8;False;83;-0,466;1;267264
kart15;False;82;-0,464;1;267300
kart1;False;63;-0,526;1;267498
kart6;False;46;-0,492;1;267822
kart13;False;72;-0,544;1;267894
kart14;False;64;-0,528;1;267894
kart11;False;64;-0,528;1;267966
kart0;False;85;-0,47;1;268128
kart3;False;74;-0,448;1;268182
kart12;False;86;-0,472;1;268200
kart9;False;77;-0,554;1;268236
kart4;False;82;-0,564;1;268344
kart7;False;120;-0,44;1;268398
kart17;False;74;-0,448;1;268470
kart14;False;35;-0,57;1;268524
kart16;False;87;-0,474;1;268542
kart15;False;70;-0,54;1;268560
kart2;False;96;-0,492;1;268668
kart10;False;95;-0,5899999;1;268686
kart8;False;82;-0,564;1;268740
kart13;False;47;-0,494;1;268740
kart6;False;57;-0,514;1;268848
kart1;False;76;-0,552;1;268866
kart11;False;66;-0,432;1;269154
kart0;False;60;-0,52;1;269208
kart5;False;112;-0,6239998;1;269208
kart7;False;53;-0,506;1;269352
kart3;False;68;-0,536;1;269406
kart12;False;71;-0,542;1;269478
kart17;False;58;-0,516;1;269514
kart9;False;72;-0,444;1;269532
kart13;False;46;-0,492;1;269568
kart6;False;41;-0,482;1;269586
kart16;False;63;-0,526;1;269676
kart4;False;88;-0,476;1;269928
kart0;False;42;-0,484;1;269964
kart8;False;68;-0,536;1;269964
kart10;False;71;-0,442;1;269964
kart11;False;46;-0,492;1;269982
kart12;False;30;-0,56;1;270018
kart14;False;85;-0,5699999;1;270054
kart7;False;44;-0,488;1;270144
kart5;False;61;-0,522;1;270306
kart15;False;98;-0,496;1;270324
kart9;False;46;-0,492;1;270360
kart1;False;87;-0,474;1;270432
kart6;False;47;-0,494;1;270432
kart17;False;55;-0,51;1;270504
kart16;False;46;-0,492;1;270504
kart13;False;61;-0,522;1;270666
kart4;False;47;-0,494;1;270774
kart3;False;76;-0,452;1;270774
kart2;False;121;-0,542;1;270846
kart12;False;59;-0,518;1;271080
kart10;False;69;-0,538;1;271206
kart11;False;73;-0,446;1;271296
kart9;False;59;-0,518;1;271422
kart1;False;55;-0,51;1;271422
kart5;False;63;-0,426;1;271440
kart8;False;87;-0,474;1;271530
kart13;False;54;-0,508;1;271638
kart0;False;94;-0,4879999;1;271656
kart14;False;89;-0,478;1;271656
kart16;False;67;-0,434;1;271710
kart15;False;79;-0,458;1;271746
kart3;False;55;-0,51;1;271764
kart17;False;76;-0,552;1;271872
kart2;False;63;-0,526;1;271980
kart6;False;91;-0,4819999;1;272070
kart4;False;73;-0,446;1;272088
kart12;False;59;-0,5179999;1;272142
kart10;False;54;-0,508;1;272178
kart8;False;56;-0,512;1;272538
kart11;False;69;-0,538;1;272538
kart15;False;49;-0,498;1;272628
kart16;False;52;-0,504;1;272646
kart14;False;60;-0,52;1;272736
kart1;False;74;-0,548;1;272754
kart7;False;150;-0,5;1;272844
kart17;False;58;-0,516;1;272916
kart6;False;50;-0,5;1;272970
kart12;False;50;-0,5;1;273042
kart3;False;73;-0,546;1;273078
kart5;False;91;-0,482;1;273078
kart0;False;84;-0,468;1;273168
kart2;False;77;-0,454;1;273366
kart16;False;44;-0,488;1;273438
kart13;False;105;-0,5099999;1;273528
kart9;False;121;-0,542;1;273600
kart10;False;80;-0,5599999;1;273618
kart8;False;65;-0,43;1;273708
kart4;False;92;-0,484;1;273744
kart15;False;68;-0,536;1;273852
kart6;False;54;-0,508;1;273942
kart11;False;81;-0,5619999;1;273996
kart1;False;74;-0,548;1;274086
kart12;False;59;-0,5179999;1;274104
kart3;False;58;-0,516;1;274122
kart5;False;61;-0,522;1;274176
kart14;False;85;-0,47;1;274266
kart16;False;47;-0,494;1;274284
kart7;False;80;-0,46;1;274284
kart2;False;57;-0,514;1;274392
kart10;False;47;-0,494;1;274464
kart8;False;50;-0,5;1;274608
kart0;False;81;-0,462;1;274626
kart4;False;60;-0,52;1;274824
kart9;False;69;-0,538;1;274842
kart17;False;107;-0,414;1;274842
kart13;False;74;-0,548;1;274860
kart6;False;54;-0,508;1;274914
kart1;False;60;-0,42;1;275166
kart2;False;47;-0,494;1;275238
kart3;False;69;-0,538;1;275364
kart14;False;66;-0,532;1;275454
kart15;False;94;-0,488;1;275544
kart8;False;59;-0,518;1;275670
kart12;False;88;-0,476;1;275688
kart16;False;81;-0,462;1;275742
kart7;False;83;-0,466;1;275778
kart1;False;34;-0,568;1;275778
kart11;False;101;-0,502;1;275814
kart17;False;59;-0,518;1;275904
kart13;False;59;-0,518;1;275922
kart6;False;62;-0,524;1;276030
kart10;False;88;-0,5759999;1;276048
kart0;False;81;-0,562;1;276084
kart5;False;119;-0,438;1;276318
kart2;False;61;-0,522;1;276336
kart15;False;48;-0,496;1;276408
kart3;False;62;-0,424;1;276480
kart4;False;93;-0,486;1;276498
kart9;False;97;-0,494;1;276588
kart14;False;64;-0,5279999;1;276606
kart16;False;52;-0,5039999;1;276678
kart17;False;43;-0,486;1;276678
kart8;False;67;-0,534;1;276876
kart12;False;68;-0,536;1;276912
kart1;False;66;-0,432;1;276966
kart11;False;66;-0,532;1;277002
kart3;False;43;-0,486;1;277254
kart2;False;57;-0,514;1;277362
kart17;False;43;-0,586;1;277452
kart0;False;77;-0,454;1;277470
kart10;False;80;-0,46;1;277488
kart4;False;59;-0,518;1;277560
kart6;False;85;-0,5699999;1;277560
kart16;False;50;-0,5;1;277578
kart14;False;59;-0,5179999;1;277668
kart5;False;77;-0,454;1;277704
kart13;False;99;-0,498;1;277704
kart12;False;44;-0,488;1;277704
kart7;False;114;-0,4279999;1;277830
kart15;False;80;-0,56;1;277848
kart1;False;50;-0,5;1;277866
kart11;False;58;-0,6159999;1;278046
kart8;False;66;-0,532;1;278064
kart3;False;55;-0,51;1;278244
kart2;False;49;-0,498;1;278244
kart9;False;92;-0,3839999;1;278244
kart0;False;48;-0,496;1;278334
kart16;False;49;-0,498;1;278460
kart7;False;50;-0,5;1;278730
kart6;False;68;-0,536;1;278784
kart12;False;60;-0,52;1;278784
kart5;False;62;-0,524;1;278820
kart17;False;78;-0,456;1;278856
kart10;False;78;-0,456;1;278892
kart1;False;59;-0,518;1;278928
kart8;False;48;-0,496;1;278928
kart14;False;77;-0,554;1;279054
kart9;False;48;-0,496;1;279108
kart2;False;52;-0,504;1;279180
kart13;False;84;-0,468;1;279216
kart4;False;96;-0,492;1;279288
kart11;False;69;-0,438;1;279288
kart3;False;61;-0,522;1;279342
kart16;False;53;-0,506;1;279414
kart0;False;62;-0,524;1;279450
kart15;False;89;-0,478;1;279450
kart6;False;48;-0,496;1;279648
kart7;False;58;-0,516;1;279774
kart12;False;61;-0,422;1;279882
kart8;False;54;-0,508;1;279900
kart5;False;64;-0,528;1;279972
kart14;False;57;-0,514;1;280080
kart10;False;66;-0,432;1;280080
kart4;False;53;-0,506;1;280242
kart11;False;57;-0,514;1;280314
kart1;False;84;-0,468;1;280440
kart2;False;70;-0,54;1;280440
kart15;False;57;-0,514;1;280476
kart17;False;91;-0,482;1;280494
kart0;False;60;-0,52;1;280530
kart5;False;38;-0,476;1;280656
kart3;False;75;-0,55;1;280692
kart12;False;49;-0,498;1;280764
kart13;False;86;-0,472;1;280764
kart16;False;79;-0,558;1;280836
kart9;False;103;-0,506;1;280962
kart7;False;76;-0,452;1;281142
kart4;False;52;-0,5039999;1;281178
kart11;False;52;-0,5039999;1;281250
kart6;False;90;-0,48;1;281268
kart8;False;77;-0,454;1;281286
kart2;False;53;-0,506;1;281394
kart10;False;75;-0,45;1;281430
kart3;False;48;-0,496;1;281556
kart1;False;63;-0,526;1;281574
kart12;False;45;-0,49;1;281574
kart7;False;26;-0,552;1;281610
kart14;False;86;-0,472;1;281628
kart0;False;65;-0,53;1;281700
kart15;False;73;-0,446;1;281790
kart17;False;77;-0,454;1;281880
kart8;False;40;-0,48;1;282006
kart5;False;75;-0,45;1;282006
kart6;False;41;-0,582;1;282006
kart9;False;61;-0,522;1;282060
kart13;False;74;-0,548;1;282096
kart4;False;57;-0,514;1;282204
kart11;False;62;-0,524;1;282366
kart17;False;37;-0,474;1;282546
kart16;False;96;-0,492;1;282564
kart2;False;66;-0,432;1;282582
kart14;False;56;-0,512;1;282636
kart7;False;58;-0,516;1;282654
kart12;False;64;-0,5279999;1;282726
kart1;False;80;-0,46;1;283014
kart0;False;75;-0,45;1;283050
kart6;False;60;-0,52;1;283086
kart5;False;60;-0,52;1;283086
kart9;False;58;-0,516;1;283104
kart15;False;73;-0,546;1;283104
kart8;False;73;-0,546;1;283320
kart4;False;64;-0,428;1;283356
kart17;False;48;-0,496;1;283410
kart11;False;61;-0,522;1;283464
kart3;False;112;-0,424;1;283572
kart10;False;120;-0,44;1;283590
kart2;False;65;-0,53;1;283752
kart16;False;74;-0,548;1;283896
kart14;False;75;-0,45;1;283986
kart8;False;38;-0,476;1;284004
kart13;False;110;-0,52;1;284076
kart12;False;77;-0,454;1;284112
kart0;False;60;-0,52;1;284130
kart17;False;44;-0,488;1;284202
kart7;False;87;-0,474;1;284220
kart6;False;68;-0,536;1;284310
kart9;False;68;-0,436;1;284328
kart11;False;52;-0,504;1;284400
kart10;False;52;-0,504;1;284526
kart1;False;86;-0,472;1;284562
kart15;False;81;-0,562;1;284562
kart5;False;87;-0,5739999;1;284652
kart8;False;45;-0,49;1;284814
kart0;False;45;-0,4899999;1;284940
kart16;False;59;-0,5179999;1;284958
kart4;False;98;-0,496;1;285120
kart3;False;88;-0,476;1;285156
kart14;False;67;-0,434;1;285192
kart13;False;64;-0,528;1;285228
kart17;False;58;-0,516;1;285246
kart9;False;57;-0,514;1;285354
kart15;False;48;-0,496;1;285426
kart2;False;94;-0,488;1;285444
kart12;False;76;-0,452;1;285480
kart11;False;63;-0,526;1;285534
kart16;False;42;-0,484;1;285714
kart7;False;84;-0,468;1;285732
kart5;False;62;-0,524;1;285768
kart1;False;79;-0,458;1;285984
kart10;False;83;-0,466;1;286020
kart6;False;99;-0,498;1;286092
kart17;False;48;-0,496;1;286110
kart13;False;50;-0,5;1;286128
kart8;False;76;-0,552;1;286182
