kart16;False;1817;14,77914;3;32706
kart4;True;1852;21,78672;3;33336
kart0;True;1853;16,76886;3;33354
kart8;True;1858;16,79528;3;33444
kart12;True;1858;16,74615;3;33444
kart15;True;1859;16,78743;3;33462
kart10;True;1859;16,72258;3;33462
kart6;True;1859;16,76832;3;33462
kart3;True;1861;16,80236;3;33498
kart9;True;1862;16,73694;3;33516
kart7;True;1862;16,81359;3;33516
kart14;True;1863;16,70859;3;33534
kart11;True;1864;16,72527;3;33552
kart13;True;1866;16,78725;3;33588
kart2;True;1868;16,74659;3;33624
kart1;True;1871;16,77385;3;33678
kart5;True;1872;16,7808;3;33696
kart17;True;1883;16,76821;3;33894
kart12;False;1070;8,551313;3;52704
kart10;False;1505;12,46841;3;60552
kart16;True;1855;16,78167;3;66096
kart8;True;1847;21,7458;3;66690
kart0;True;1857;16,82251;3;66780
kart15;True;1854;16,81787;3;66834
kart9;True;1857;16,75337;3;66942
kart3;True;1859;16,76447;3;66960
kart7;True;1862;16,79279;3;67032
kart6;True;1866;16,79953;3;67050
kart14;True;1863;16,76769;3;67068
kart4;True;1874;16,8339;3;67068
kart13;True;1865;16,73041;3;67158
kart5;True;1863;16,70845;3;67230
kart11;True;1872;16,797;3;67248
kart17;True;1856;16,78449;3;67302
kart1;True;1872;16,75173;3;67374
kart2;True;1875;16,78558;3;67374
kart12;True;1867;16,76294;3;86310
kart10;True;1867;16,76273;3;94158
kart16;True;1866;16,71049;3;99684
kart0;True;1852;16,83356;3;100116
kart15;True;1857;16,74804;3;100260
kart8;True;1867;16,80714;3;100296
kart14;True;1850;16,75702;3;100368
kart7;True;1856;16,79102;3;100440
kart6;True;1858;16,77749;3;100494
kart17;True;1848;16,79269;3;100566
kart4;True;1862;16,77787;3;100584
kart9;True;1875;16,76222;3;100692
kart5;True;1863;16,73813;3;100764
kart11;True;1863;16,73626;3;100782
kart3;True;1879;16,74416;3;100782
kart1;True;1859;16,83441;3;100836
kart2;True;1864;16,74084;3;100926
kart13;True;1877;16,76305;3;100944
kart6;False;622;4,855218;3;111690
kart12;True;1871;16,76806;3;119988
kart10;True;1868;16,76353;3;127782
kart16;True;1847;21,7947;3;132930
kart0;True;1850;16,84158;3;133416
kart7;True;1849;16,8127;3;133722
kart15;True;1860;16,80636;3;133740
kart14;True;1858;16,73661;3;133812
kart17;True;1848;16,78531;3;133830
kart8;True;1872;16,80054;3;133992
kart9;True;1856;16,8362;3;134100
kart5;True;1853;16,7364;3;134118
kart1;True;1851;16,75904;3;134154
kart4;True;1867;16,74391;3;134190
kart3;True;1861;16,7962;3;134280
kart11;True;1862;16,82556;3;134298
kart13;True;1858;16,84171;3;134388
kart2;True;1869;16,76645;3;134568
kart6;False;1494;12,41986;3;138582
kart11;False;843;6,679532;3;149472
kart12;True;1853;16,79241;3;153342
kart10;True;1856;16,72247;3;161190
kart16;True;1862;16,83382;3;166446
kart0;True;1839;21,76321;3;166518
kart15;True;1852;16,79199;3;167076
kart17;True;1854;16,82647;3;167202
kart14;True;1857;16,79285;3;167238
kart7;True;1863;16,76622;3;167256
kart9;True;1858;16,77182;3;167544
kart8;True;1870;16,71152;3;167652
kart4;True;1861;16,81437;3;167688
kart13;True;1850;16,77331;3;167688
kart1;True;1864;16,73637;3;167706
kart5;True;1869;16,77258;3;167760
kart3;True;1869;16,73499;3;167922
kart2;True;1861;16,85281;3;168066
kart6;True;1868;16,79837;3;172206
kart11;True;1849;16,79431;3;182754
kart12;True;1864;16,78738;3;186894
kart10;True;1867;16,7611;3;194796
kart0;True;1846;16,79442;3;199746
kart16;True;1873;16,76206;3;200160
kart15;True;1864;16,84126;3;200628
kart17;True;1858;16,72195;3;200646
kart14;True;1865;16,75097;3;200808
kart7;True;1865;16,74794;3;200826
kart13;True;1848;16,79921;3;200952
kart1;True;1847;16,73762;3;200952
kart8;True;1861;16,72466;3;201150
kart9;True;1867;16,79219;3;201150
kart5;True;1858;16,77216;3;201204
kart4;True;1868;16,77146;3;201312
kart3;True;1863;16,77134;3;201456
kart2;True;1864;16,75925;3;201618
kart6;True;1860;16,77661;3;205686
kart11;True;1871;16,73766;3;216432
kart12;True;1869;16,79712;3;220536
kart10;True;1857;16,75377;3;228222
kart0;True;1854;16,75856;3;233118
kart16;True;1844;16,77363;3;233352
kart15;True;1854;16,75954;3;234000
kart17;True;1868;16,76012;3;234270
kart14;True;1859;16,72159;3;234270
kart13;True;1860;16,7238;3;234432
kart1;True;1866;16,78131;3;234540
kart4;True;1849;16,80098;3;234594
kart7;True;1881;16,79427;3;234684
kart8;True;1864;16,8233;3;234702
kart5;True;1863;16,79623;3;234738
kart9;True;1867;16,76006;3;234756
kart3;True;1857;16,72197;3;234882
kart2;True;1871;16,76773;3;235296
kart6;True;1855;16,81232;3;239076
kart11;True;1858;16,73295;3;249876
kart12;True;1864;16,76253;3;254088
kart3;False;1283;10,52245;3;257976
kart10;True;1856;16,7367;3;261630
kart0;True;1859;16,71048;3;266580
kart16;True;1871;16,72451;3;267030
kart15;True;1866;16,76503;3;267588
kart17;True;1855;16,76089;3;267660
kart14;True;1863;16,78828;3;267804
kart4;True;1856;16,77811;3;268002
kart13;True;1868;16,73406;3;268056
kart1;True;1865;16,81749;3;268110
kart9;True;1854;16,81843;3;268128
kart7;True;1866;16,74504;3;268272
kart8;True;1866;16,80138;3;268290
kart5;True;1870;16,74105;3;268398
kart2;True;1855;16,80539;3;268686
kart6;True;1867;16,73518;3;272682
kart11;True;1869;16,76791;3;283518
kart2;False;837;6,694513;3;283752
kart12;True;1858;16,77892;3;287532
kart3;True;1866;16,82722;3;291564
kart10;True;1861;16,73024;3;295128
kart0;True;1852;16,79856;3;299916
kart16;True;1865;16,78679;3;300600
kart17;True;1858;16,74875;3;301104
kart14;True;1851;16,75803;3;301122
kart15;True;1873;16,76055;3;301302
kart7;True;1846;16,76264;3;301500
kart13;True;1859;16,81948;3;301518
kart1;True;1861;16,76941;3;301608
kart8;True;1857;16,80387;3;301716
kart4;True;1877;16,82154;3;301788
kart9;True;1871;16,75493;3;301806
kart5;True;1860;16,75194;3;301878
kart6;True;1872;16,77464;3;306378
kart11;True;1858;16,79477;3;316962
kart2;True;1864;16,75659;3;317304
kart12;True;1869;16,76834;3;321174
kart3;True;1859;16,72823;3;325026
kart10;True;1858;16,74568;3;328572
kart0;True;1857;16,71501;3;333342
kart16;True;1859;16,84368;3;334062
kart14;True;1846;16,82729;3;334350
kart15;True;1855;16,81111;3;334692
kart17;True;1867;16,79871;3;334710
kart1;True;1842;16,7811;3;334764
kart4;True;1845;16,80928;3;334998
kart13;True;1861;16,77172;3;335016
kart7;True;1863;16,74678;3;335034
kart8;True;1854;16,74707;3;335088
kart9;True;1857;16,85497;3;335232
kart5;True;1856;16,69752;3;335286
kart6;True;1867;16,72963;3;339984
kart3;False;1063;8,565845;3;344160
kart11;True;1874;16,75746;3;350694
kart2;True;1855;16,76117;3;350694
kart12;True;1854;16,74036;3;354546
kart10;True;1868;16,74551;3;362196
kart0;True;1857;16,83888;3;366768
kart16;True;1858;16,81844;3;367506
kart14;True;1869;16,75547;3;367992
kart15;True;1850;16,7734;3;367992
kart17;True;1850;16,75045;3;368010
kart1;True;1859;16,78347;3;368226
kart9;True;1843;16,79656;3;368406
kart8;True;1852;16,79501;3;368424
kart4;True;1863;16,77967;3;368532
kart13;True;1862;16,758;3;368532
kart7;True;1865;16,83502;3;368604
kart5;True;1853;16,77516;3;368640
kart6;True;1858;16,8287;3;373428
kart3;True;1843;16,75675;3;377334
kart17;False;617;4,852728;3;379116
kart11;True;1852;16,75595;3;384030
kart2;True;1878;16,77197;3;384498
kart12;True;1857;16,83187;3;387972
kart10;True;1878;16,76412;3;396000
kart0;True;1832;21,77593;3;399744
kart16;True;1850;16,73195;3;400806
kart14;True;1849;16,78719;3;401274
kart15;True;1859;16,815;3;401454
kart1;True;1867;16,77621;3;401832
kart9;True;1862;16,74299;3;401922
kart13;True;1855;16,7708;3;401922
kart8;True;1863;16,76365;3;401958
kart4;True;1861;16,74976;3;402030
kart7;True;1857;16,82841;3;402030
kart5;True;1856;16,80583;3;402048
kart6;True;1858;16,82514;3;406872
kart3;True;1875;16,77447;3;411084
kart17;True;1850;16,78436;3;412416
kart10;False;1131;8,764232;3;416358
kart11;True;1868;16,85795;3;417654
kart2;True;1859;16,81702;3;417960
kart12;True;1863;16,74671;3;421506
kart4;False;1541;12,72254;3;429768
kart0;True;1851;16,81485;3;433062
kart16;True;1866;16,75377;3;434394
kart14;True;1853;16,83177;3;434628
kart15;True;1857;16,7173;3;434880
kart8;True;1847;16,78484;3;435204
kart7;True;1844;16,7679;3;435222
kart1;True;1860;16,80297;3;435312
kart9;True;1856;16,80384;3;435330
kart5;True;1852;16,79426;3;435384
kart13;True;1872;16,81507;3;435618
kart10;False;1213;9,658185;3;438192
kart6;False;1802;14,74948;3;439308
kart3;True;1849;16,76669;3;444366
kart17;True;1862;16,74992;3;445932
kart14;False;840;6,695415;3;449748
kart2;True;1855;16,73667;3;451350
kart4;False;1199;9,753409;3;451350
kart11;True;1881;16,76579;3;451512
kart12;True;1873;16,76293;3;455220
kart0;True;1844;16,81511;3;466254
kart16;True;1867;16,77675;3;468000
kart15;True;1842;16,78566;3;468036
kart8;True;1844;16,78129;3;468396
kart1;True;1852;16,81063;3;468648
kart9;True;1857;16,73766;3;468756
kart7;True;1864;16,80865;3;468774
kart5;True;1857;16,8027;3;468810
kart13;True;1853;16,78094;3;468972
kart10;True;1853;16,73403;3;471546
kart6;True;1849;16,7957;3;472590
kart3;True;1853;16,76676;3;477720
kart17;True;1852;16,81181;3;479268
kart14;True;1859;16,76594;3;483210
kart11;True;1846;16,76725;3;484740
kart2;True;1870;16,71329;3;485010
kart4;True;1874;16,76125;3;485082
kart12;True;1881;16,76096;3;489078
kart0;True;1857;16,79926;3;499680
kart16;True;1860;16,77855;3;501480
kart15;True;1868;16,74255;3;501660
kart8;True;1865;16,84595;3;501966
kart7;True;1851;16,80245;3;502092
kart5;True;1854;16,8095;3;502182
kart9;True;1865;16,76503;3;502326
kart1;True;1880;16,68468;3;502488
kart13;True;1874;16,75068;3;502704
kart10;True;1853;16,82174;3;504900
kart6;True;1856;16,73806;3;505998
kart3;True;1848;16,76655;3;510984
kart17;True;1868;16,77891;3;512892
kart14;True;1850;16,74074;3;516510
kart11;True;1856;16,81187;3;518148
kart2;True;1853;16,73393;3;518364
kart4;True;1872;16,77789;3;518778
kart12;True;1860;16,75996;3;522558
kart0;True;1874;16,82548;3;533412
kart16;True;1862;16,77176;3;534996
kart15;True;1857;16,77591;3;535086
kart7;True;1856;16,7897;3;535500
kart8;True;1867;16,77844;3;535572
kart9;True;1850;16,79102;3;535626
kart5;True;1874;16,79862;3;535914
kart1;True;1871;16,75185;3;536166
kart13;True;1865;16,7836;3;536274
kart10;True;1850;16,79211;3;538200
kart6;True;1850;16,76398;3;539298
kart3;True;1859;16,81661;3;544446
kart17;True;1860;16,77724;3;546372
kart14;True;1850;16,80543;3;549810
kart13;False;847;6,688483;3;551520
kart3;False;393;2,99367;3;551520
kart11;True;1855;16,82722;3;551538
kart2;True;1848;16,77804;3;551628
kart4;True;1847;16,7258;3;552024
kart5;False;1060;8,544356;3;554994
kart12;True;1860;16,79049;3;556038
kart0;True;1839;16,75442;3;566514
kart16;True;1844;16,7621;3;568188
kart15;True;1854;16,77013;3;568458
kart7;True;1862;16,79663;3;569016
kart8;True;1860;16,77361;3;569052
kart9;True;1862;16,74828;3;569142
kart1;True;1835;16,75909;3;569196
kart10;True;1850;16,78016;3;571500
kart6;True;1845;16,76449;3;572508
kart17;True;1860;16,75832;3;579852
kart14;True;1853;16,72885;3;583164
kart11;True;1846;16,7194;3;584766
kart2;True;1853;16,74492;3;584982
kart13;True;1872;16,7663;3;585216
kart3;True;1875;16,76707;3;585270
kart4;True;1867;16,75531;3;585630
kart5;True;1863;16,84755;3;588528
kart12;True;1844;16,74812;3;589230
kart0;True;1847;16,77657;3;599760
kart16;True;1852;16,6824;3;601524
kart15;True;1858;16,71644;3;601902
kart7;True;1848;16,77043;3;602280
kart8;True;1853;16,74639;3;602406
kart9;True;1848;16,78513;3;602406
kart1;True;1864;16,72004;3;602748
kart10;True;1845;16,70745;3;604710
kart4;False;1071;8,625729;3;604908
kart6;True;1861;16,73465;3;606006
kart17;True;1854;16,74227;3;613224
kart9;False;742;6,037938;3;615762
kart14;True;1846;16,78875;3;616392
kart11;True;1860;16,71626;3;618246
kart13;True;1839;16,75474;3;618318
kart2;True;1854;16,73598;3;618354
kart3;True;1849;16,75027;3;618552
kart5;True;1860;16,71175;3;622008
kart12;True;1849;16,77321;3;622512
kart2;False;393;2,993446;3;625428
kart0;True;1849;16,75874;3;633042
kart16;True;1855;16,78242;3;634914
kart15;True;1844;16,78652;3;635094
kart7;True;1851;16,66055;3;635598
kart8;True;1858;16,74334;3;635850
kart1;True;1865;16,75793;3;636318
kart10;True;1857;16,78828;3;638136
kart4;True;1853;16,80719;3;638262
kart6;True;1842;16,76379;3;639162
kart17;True;1861;16,8497;3;646722
kart9;True;1854;16,82245;3;649134
kart14;True;1842;16,76779;3;649548
kart11;True;1856;16,8072;3;651654
kart13;True;1856;16,74807;3;651726
kart3;True;1873;16,78124;3;652266
kart5;True;1862;16,71526;3;655524
kart12;True;1851;16,79468;3;655830
kart1;False;1131;8,792402;3;656676
kart2;True;1865;16,75008;3;658998
kart0;True;1847;16,76657;3;666288
kart16;True;1858;16,80188;3;668358
kart15;True;1858;16,84074;3;668538
kart7;True;1851;16,76031;3;668916
kart8;True;1850;16,80503;3;669150
kart5;False;850;6,712923;3;670824
kart10;True;1850;16,80508;3;671436
kart4;True;1848;16,74529;3;671526
kart6;True;1860;16,70583;3;672642
kart17;True;1863;16,81211;3;680256
kart9;True;1868;16,71867;3;682758
kart14;True;1858;16,76876;3;682992
kart13;True;1847;16,78569;3;684972
kart11;True;1865;16,78989;3;685224
kart3;True;1855;16,74145;3;685656
kart12;True;1864;16,7524;3;689382
kart1;True;1866;16,77921;3;690264
kart2;True;1869;16,77178;3;692640
kart0;True;1860;16,76678;3;699768
kart16;True;1850;16,7648;3;701658
kart15;True;1855;16,77606;3;701928
kart7;True;1865;16,7142;3;702486
kart8;True;1859;16,79666;3;702612
kart5;True;1853;16,76843;3;704178
kart10;True;1848;16,79904;3;704700
kart4;True;1867;16,78165;3;705132
kart6;True;1867;16,76479;3;706248
kart17;True;1867;16,83625;3;713862
kart14;True;1860;16,75451;3;716472
kart9;True;1876;16,77977;3;716526
kart13;True;1854;16,75829;3;718344
kart11;True;1850;16,76894;3;718524
kart3;True;1851;16,74228;3;718974
kart12;True;1857;16,78711;3;722808
kart1;True;1866;16,82978;3;723852
kart2;True;1864;16,7394;3;726192
kart15;False;1505;12,47049;3;729018
kart0;True;1849;16,77954;3;733050
kart16;True;1860;16,77759;3;735138
kart7;True;1850;16,81519;3;735786
kart8;True;1854;16,81453;3;735984
kart17;False;1287;10,46712;3;737028
kart5;True;1863;16,72652;3;737712
kart10;True;1856;16,75067;3;738108
kart4;True;1844;16,78514;3;738324
kart6;True;1844;16,81757;3;739440
kart14;True;1857;16,77166;3;749898
kart9;True;1860;16,76898;3;750006
kart13;True;1857;16,80991;3;751770
kart11;True;1860;16,76579;3;752004
kart3;True;1860;16,79289;3;752454
kart8;False;986;7,494668;3;753732
kart12;True;1852;16,71573;3;756144
kart1;True;1875;16,76999;3;757602
kart17;False;1209;9,61253;3;758790
kart2;True;1869;16,74409;3;759834
kart15;True;1859;16,68564;3;762480
kart0;True;1855;16,77183;3;766440
kart16;True;1855;16,78373;3;768528
kart7;True;1863;16,77832;3;769320
kart5;True;1848;16,73511;3;770976
kart4;True;1851;16,80052;3;771642
kart10;True;1869;16,78978;3;771750
kart6;True;1849;16,78817;3;772722
kart9;True;1847;16,77798;3;783252
kart14;True;1861;16,74997;3;783396
kart13;True;1867;16,77294;3;785376
kart11;True;1856;16,7821;3;785412
kart3;True;1867;16,75934;3;786060
kart8;True;1858;16,72237;3;787176
kart12;True;1861;16,7612;3;789642
kart1;True;1853;16,76012;3;790956
kart17;True;1868;16,77073;3;792414
kart2;True;1849;16,75761;3;793116
kart15;True;1867;16,84656;3;796086
kart0;True;1838;16,79527;3;799524
kart16;True;1845;16,79765;3;801738
kart7;True;1864;16,7402;3;802872
kart5;True;1868;16,78922;3;804600
kart4;True;1859;16,73495;3;805104
kart10;True;1870;16,84859;3;805410
kart6;True;1869;16,76292;3;806364
kart9;True;1847;16,7857;3;816498
kart14;True;1868;16,7999;3;817020
kart13;True;1850;16,8294;3;818676
kart11;True;1853;16,77674;3;818766
kart3;True;1863;16,80257;3;819594
kart2;False;1518;12,41831;3;820440
kart8;True;1872;16,79378;3;820872
kart12;True;1859;16,76041;3;823104
kart1;True;1870;16,75036;3;824616
kart17;True;1849;16,76011;3;825696
kart10;False;1155;9,42906;3;826200
kart15;True;1862;16,77616;3;829602
kart0;True;1847;16,80099;3;832770
kart16;True;1858;16,76904;3;835182
kart7;True;1864;16,75803;3;836424
kart5;True;1873;16,81158;3;838314
kart4;True;1859;16,77976;3;838566
kart6;True;1862;16,74366;3;839880
kart9;True;1856;16,80715;3;849906
kart14;True;1868;16,78144;3;850644
kart13;True;1859;16,77089;3;852138
kart11;True;1861;16,68433;3;852264
kart3;True;1851;16,8055;3;852912
kart2;True;1856;16,73274;3;853848
kart8;True;1848;16,76454;3;854136
kart12;True;1851;16,74653;3;856422
kart1;True;1861;16,79137;3;858114
kart17;True;1865;16,75161;3;859266
kart10;True;1869;16,77016;3;859842
kart15;True;1858;16,7388;3;863046
kart0;True;1852;16,7954;3;866106
kart16;True;1859;16,79738;3;868644
kart7;True;1851;16,77781;3;869742
kart4;True;1862;16,74221;3;872082
kart5;True;1876;16,76718;3;872082
kart6;True;1860;16,73505;3;873360
kart9;True;1870;16,77511;3;883566
kart14;True;1845;16,74808;3;883854
kart13;True;1855;16,80754;3;885528
kart11;True;1864;16,73561;3;885816
kart3;True;1866;16,77794;3;886500
kart2;True;1845;16,79961;3;887058
kart8;True;1849;16,71043;3;887418
kart12;True;1864;16,7746;3;889974
kart1;True;1867;16,85021;3;891720
kart17;True;1857;16,80053;3;892692
kart10;True;1850;16,79449;3;893142
kart15;True;1851;16,79798;3;896364
kart0;True;1861;16,78957;3;899604
kart9;False;971;7,450585;3;901044
kart16;True;1856;16,7002;3;902052
kart7;True;1867;16,79423;3;903348
kart4;True;1840;16,77083;3;905202
kart5;True;1856;16,82298;3;905490
kart6;True;1863;16,82207;3;906894
kart14;True;1867;16,79955;3;917460
kart13;True;1859;16,77306;3;918990
kart11;True;1852;16,72894;3;919152
kart3;True;1854;16,81487;3;919872
kart2;True;1851;16,83319;3;920376
kart8;True;1860;16,75801;3;920898
kart12;True;1859;16,73647;3;923436
kart1;True;1846;16,78548;3;924948
kart17;True;1852;16,736;3;926028
kart10;True;1857;16,7832;3;926568
kart15;True;1866;16,81659;3;929952
kart0;True;1835;16,7617;3;932634
kart9;True;1866;16,7406;3;934632
kart16;True;1865;16,72673;3;935622
kart7;True;1860;16,78407;3;936828
kart4;True;1859;16,83679;3;938664
kart5;True;1872;16,8074;3;939186
kart6;True;1844;16,75635;3;940086
kart14;True;1857;16,81073;3;950886
kart13;True;1866;16,73611;3;952578
kart11;True;1869;16,77112;3;952794
kart3;True;1864;16,79306;3;953424
kart2;True;1853;16,82884;3;953730
kart8;True;1870;16,75249;3;954558
kart14;False;253;1,601799;3;955440
kart12;True;1863;16,76;3;956970
kart1;True;1859;16,74932;3;958410
kart17;True;1865;16,79524;3;959598
kart10;True;1865;16,76634;3;960138
kart15;True;1857;16,79034;3;963378
kart0;True;1851;16,81159;3;965952
kart9;True;1856;16,75075;3;968040
kart16;True;1859;16,78358;3;969084
kart7;True;1857;16,73332;3;970254
kart4;True;1863;16,71705;3;972198
kart5;True;1869;16,7769;3;972828
kart6;True;1856;16,73833;3;973494
kart13;True;1863;16,77534;3;986112
kart11;True;1856;16,71756;3;986202
kart3;True;1858;16,77451;3;986868
kart2;True;1859;16,76038;3;987192
kart8;True;1856;16,82082;3;987966
kart14;True;1855;16,70793;3;988830
kart12;True;1868;16,75113;3;990594
kart1;False;1857;15,12822;3;991836
kart17;True;1853;16,78689;3;992952
kart10;True;1855;16,82731;3;993528
kart15;True;1850;16,7892;3;996678
kart0;True;1840;16,80543;3;999072
kart9;False;1858;15,15253;3;1001484
kart16;True;1871;16,7709;3;1002762
kart7;True;1866;16,78899;3;1003842
kart2;False;978;7,49633;3;1004796
kart4;True;1856;16,78464;3;1005606
kart5;True;1863;16,76183;3;1006362
kart6;True;1858;16,7833;3;1006938
kart11;True;1846;16,74849;3;1019430
kart13;True;1860;16,7196;3;1019592
kart3;True;1860;16,8389;3;1020348
kart8;True;1853;16,77335;3;1021320
kart14;True;1861;16,77649;3;1022328
kart12;True;1871;16,73086;3;1024272
kart1;True;1857;16,73674;3;1025262
kart17;True;1866;16,7233;3;1026540
kart10;True;1856;16,83451;3;1026936
kart0;False;1664;13,82532;3;1029024
kart6;False;1269;10,47918;3;1029780
kart15;True;1857;16,81257;3;1030104
kart11;False;836;6,701894;3;1034478
kart9;True;1860;16,76851;3;1034964
kart9;False;0;-0,5;3;1034964
kart16;True;1872;16,81202;3;1036458
kart7;True;1862;16,78285;3;1037358
kart2;True;1852;16,75242;3;1038132
kart4;True;1862;16,7431;3;1039122
kart5;True;1850;16,78066;3;1039662
kart13;True;1869;16,7796;3;1053234
kart3;True;1856;16,79585;3;1053756
kart8;True;1860;16,77803;3;1054800
kart14;True;1859;16,80246;3;1055790
kart12;True;1847;16,77925;3;1057518
kart1;True;1857;16,79184;3;1058688
kart17;True;1854;16,78826;3;1059912
kart10;True;1862;16,8338;3;1060452
kart0;True;1851;16,82152;3;1062342
kart6;True;1853;16,76904;3;1063134
kart15;True;1850;16,80559;3;1063404
kart11;True;1863;16,81101;3;1068012
kart9;True;1849;16,29179;3;1068246
kart16;True;1856;16,78572;3;1069866
kart7;True;1858;16,74149;3;1070802
kart2;True;1848;16,79554;3;1071396
kart12;False;838;6,687477;3;1072602
kart4;True;1880;16,76628;3;1072962
kart5;True;1857;16,86121;3;1073088
kart3;False;1397;11,39562;3;1078902
kart13;True;1861;16,8277;3;1086732
kart8;True;1859;16,75955;3;1088262
kart14;True;1856;16,82784;3;1089198
kart1;True;1870;16,75505;3;1092348
kart17;True;1866;16,75837;3;1093500
kart10;True;1863;16,83191;3;1093986
kart0;True;1852;16,79646;3;1095678
kart6;True;1866;16,7891;3;1096722
kart15;True;1858;16,74291;3;1096848
kart9;True;1852;16,76106;3;1101582
kart11;True;1872;16,76591;3;1101708
kart16;True;1858;16,74894;3;1103310
kart7;True;1856;16,7377;3;1104210
kart2;True;1852;16,76187;3;1104732
kart12;True;1853;16,73913;3;1105956
kart4;True;1860;16,77661;3;1106442
kart5;True;1872;16,81633;3;1106784
kart3;True;1855;16,78371;3;1112292
kart13;True;1852;16,79583;3;1120068
kart16;False;967;7,475884;3;1120716
kart8;True;1851;16,79353;3;1121580
kart14;True;1852;16,75687;3;1122534
kart1;True;1861;16,78945;3;1125846
kart17;True;1853;16,82492;3;1126854
kart10;True;1866;16,6836;3;1127574
kart0;True;1846;16,73678;3;1128906
kart6;True;1853;16,79578;3;1130076
kart15;True;1850;16,79199;3;1130148
kart9;True;1862;16,77987;3;1135098
kart11;True;1866;16,74821;3;1135296
kart7;True;1859;16,75571;3;1137672
kart2;True;1848;16,80984;3;1137996
kart12;True;1864;16,73984;3;1139508
kart4;True;1850;16,80166;3;1139742
kart5;True;1853;16,78009;3;1140138
kart0;False;840;6,703899;3;1144026
kart3;True;1866;16,70504;3;1145880
kart13;True;1852;16,77882;3;1153404
kart16;True;1862;16,72669;3;1154232
kart8;True;1852;16,78598;3;1154916
kart14;True;1855;16,76374;3;1155924
kart1;True;1859;16,69968;3;1159308
kart17;True;1856;16,77155;3;1160262
kart10;True;1859;16,79855;3;1161036
kart15;True;1854;16,80887;3;1163520
kart6;True;1871;16,78421;3;1163754
kart9;True;1863;16,80147;3;1168632
kart11;True;1861;16,78323;3;1168794
kart7;True;1859;16,81183;3;1171134
kart2;True;1852;16,76655;3;1171332
kart12;True;1849;16,77501;3;1172790
kart4;True;1857;16,81038;3;1173168
kart5;True;1847;16,79747;3;1173384
kart0;True;1855;16,85773;3;1177416
kart3;True;1853;16,69938;3;1179234
kart13;True;1854;16,81624;3;1186776
kart16;True;1868;16,7666;3;1187856
kart8;True;1850;16,74371;3;1188216
kart14;True;1841;16,74605;3;1189062
kart1;False;1857;15,21247;3;1192734
kart17;True;1850;16,80215;3;1193562
kart10;True;1861;16,79738;3;1194534
kart15;False;1857;15,11189;3;1196946
kart6;True;1866;16,71699;3;1197342
kart9;True;1857;16,8133;3;1202058
kart11;True;1865;16,75449;3;1202364
kart7;True;1854;16,83053;3;1204506
kart2;True;1854;16,81061;3;1204704
kart12;True;1849;16,73427;3;1206072
kart4;True;1849;16,76889;3;1206450
kart5;True;1857;16,8246;3;1206810
kart0;True;1846;16,82389;3;1210644
kart3;True;1859;16,81717;3;1212696
kart13;True;1851;16,76028;3;1220094
kart16;True;1846;16,81678;3;1221084
kart8;True;1862;16,78915;3;1221732
kart14;True;1862;16,80273;3;1222578
kart1;True;1850;16,77737;3;1226034
kart17;True;1847;16,80728;3;1226808
kart10;True;1864;16,72025;3;1228086
kart15;True;1862;16,77815;3;1230462
kart6;True;1860;16,8223;3;1230822
kart13;False;616;4,751096;3;1231182
kart9;True;1858;16,7427;3;1235502
kart11;True;1866;16,8113;3;1235952
kart7;True;1863;16,75528;3;1238040
kart2;True;1885;16,78403;3;1238634
kart12;True;1852;16,73184;3;1239408
kart4;True;1841;16,74441;3;1239588
kart5;True;1853;16,79197;3;1240164
kart8;False;1075;8,659354;3;1241082
kart0;True;1837;16,81272;3;1243710
kart3;True;1850;16,74193;3;1245996
kart16;True;1846;16,7406;3;1254312
kart14;True;1853;16,77376;3;1255932
kart1;True;1853;16,76459;3;1259388
kart17;True;1850;16,75761;3;1260108
kart10;True;1849;16,78756;3;1261368
kart15;True;1852;16,72259;3;1263798
kart6;True;1855;16,79702;3;1264212
kart13;True;1851;16,7864;3;1264500
kart12;False;1507;12,41092;3;1266534
kart9;True;1851;16,80559;3;1268820
kart11;True;1872;16,79676;3;1269648
kart7;True;1839;16,76065;3;1271142
kart2;True;1863;16,74768;3;1272168
kart4;True;1860;16,72481;3;1273068
kart5;True;1865;16,77026;3;1273734
kart8;True;1849;16,73587;3;1274364
kart0;True;1842;16,78035;3;1276866
kart3;True;1846;16,75208;3;1279224
kart16;True;1847;16,74692;3;1287558
kart14;True;1868;16,77882;3;1289556
kart1;True;1863;16,80564;3;1292922
kart17;True;1849;16,78796;3;1293390
kart10;True;1870;16,79413;3;1295028
kart15;True;1858;16,72634;3;1297242
kart6;True;1857;16,76175;3;1297638
kart13;True;1845;16,79351;3;1297710
kart12;True;1854;16,79251;3;1299906
kart9;True;1854;16,80623;3;1302192
kart11;True;1848;16,85511;3;1302912
kart7;True;1864;16,71689;3;1304694
kart2;True;1855;16,78629;3;1305558
kart4;True;1850;16,73883;3;1306368
kart5;True;1863;16,87264;3;1307268
kart8;True;1854;16,8316;3;1307736
kart0;True;1851;16,81109;3;1310184
kart3;True;1867;16,77586;3;1312830
kart5;False;626;4,868987;3;1318536
kart16;True;1855;16,83252;3;1320948
kart14;True;1856;16,73939;3;1322964
kart1;True;1847;16,83378;3;1326168
kart17;True;1844;16,78212;3;1326582
kart10;True;1851;16,82133;3;1328346
kart15;True;1859;16,75427;3;1330704
kart6;True;1854;16,83088;3;1331010
kart13;True;1856;16,82955;3;1331118
kart12;True;1853;16,80752;3;1333260
kart9;True;1850;16,80414;3;1335492
kart11;True;1858;16,74144;3;1336356
kart7;True;1861;16,72128;3;1338192
kart2;True;1872;16,77251;3;1339254
kart4;True;1846;16,8009;3;1339596
kart8;True;1860;16,83319;3;1341216
kart0;True;1841;16,80722;3;1343322
kart3;True;1865;16,71013;3;1346400
kart5;True;1858;16,80669;3;1351980
kart17;False;1535;12,71164;3;1354212
kart16;True;1869;16,82098;3;1354590
kart14;True;1861;16,77129;3;1356462
kart1;True;1863;16,75668;3;1359702
kart10;True;1865;16,78243;3;1361916
kart15;True;1843;16,76036;3;1363878
kart6;True;1859;16,78404;3;1364472
kart13;True;1861;16,79461;3;1364616
kart12;True;1856;16,80183;3;1366668
kart9;True;1859;16,77092;3;1368954
kart11;True;1870;16,74492;3;1370016
kart7;True;1862;16,81285;3;1371708
kart2;True;1868;16,76775;3;1372878
kart4;True;1852;16,80391;3;1372932
kart8;True;1858;16,82477;3;1374660
kart0;True;1845;16,81058;3;1376532
kart3;True;1852;16,81139;3;1379736
kart5;True;1850;16,76492;3;1385280
kart17;True;1861;16,74896;3;1387710
kart2;False;840;6,707902;3;1387998
kart16;True;1862;16,82938;3;1388106
kart14;True;1862;16,74599;3;1389978
kart1;True;1847;16,77632;3;1392948
kart10;True;1850;16,78656;3;1395216
kart15;True;1859;16,80265;3;1397340
kart6;True;1852;16,80229;3;1397808
kart13;True;1855;16,76223;3;1398006
kart12;True;1858;16,79868;3;1400112
kart9;True;1852;16,77168;3;1402290
kart11;True;1854;16,77577;3;1403388
kart7;True;1844;16,81193;3;1404900
kart4;True;1853;16,78282;3;1406286
kart8;True;1866;16,7919;3;1408248
kart0;True;1847;16,78915;3;1409778
kart3;True;1865;16,76749;3;1413306
kart9;False;626;4,874732;3;1413558
kart12;False;1005;7,726408;3;1418202
kart5;True;1844;16,80043;3;1418472
kart16;True;1845;16,80462;3;1421316
kart17;True;1870;16,78743;3;1421370
kart2;True;1857;16,80821;3;1421424
kart14;True;1869;16,74522;3;1423620
kart1;True;1860;16,78522;3;1426428
kart10;True;1854;16,82224;3;1428588
kart15;True;1850;16,76276;3;1430640
kart6;True;1870;16,80005;3;1431468
kart13;True;1869;16,77568;3;1431648
kart11;True;1859;16,81869;3;1436850
kart7;True;1859;16,80587;3;1438362
kart4;True;1869;16,73766;3;1439928
kart8;True;1848;16,80526;3;1441512
kart0;True;1852;16,84277;3;1443114
kart9;True;1847;16,8024;3;1446804
kart3;True;1867;16,81264;3;1446912
kart12;True;1855;16,78566;3;1451592
kart5;True;1849;16,80309;3;1451754
kart16;True;1839;16,74164;3;1454418
kart2;True;1845;16,7835;3;1454634
kart17;True;1861;16,79865;3;1454868
kart14;True;1859;16,83174;3;1457082
kart1;True;1858;16,84532;3;1459872
kart10;True;1857;16,78771;3;1462014
kart15;True;1852;16,84641;3;1463976
kart6;True;1852;16,81725;3;1464804
kart13;True;1855;16,80631;3;1465038
kart11;True;1861;16,80267;3;1470348
kart7;True;1863;16,81055;3;1471896
kart4;True;1848;16,79794;3;1473192
kart8;True;1855;16,81662;3;1474902
kart0;True;1849;16,75415;3;1476396
kart3;True;1840;16,78353;3;1480032
kart9;True;1861;16,74308;3;1480302
kart5;True;1856;16,7854;3;1485162
kart12;True;1874;16,79193;3;1485324
kart3;False;398;3,009665;3;1487196
kart16;True;1850;16,79789;3;1487718
kart17;True;1853;16,78146;3;1488222
kart2;True;1867;16,72501;3;1488240
kart14;True;1845;16,80226;3;1490292
kart1;True;1853;16,76267;3;1493226
kart10;True;1866;16,77832;3;1495602
kart15;True;1856;16,81252;3;1497384
kart6;True;1862;16,82515;3;1498320
kart13;True;1871;16,77514;3;1498716
kart11;True;1847;16,75818;3;1503594
kart7;True;1854;16,83707;3;1505268
kart4;True;1859;16,82469;3;1506654
kart8;True;1869;16,75189;3;1508544
kart0;True;1850;16,78981;3;1509696
kart9;True;1860;16,74771;3;1513782
kart2;False;1510;12,49647;3;1515420
kart5;True;1863;16,79085;3;1518696
kart12;True;1861;16,81661;3;1518822
kart3;True;1843;16,76244;3;1520370
kart16;True;1852;16,74657;3;1521054
kart17;True;1858;16,81779;3;1521666
kart14;True;1849;16,80841;3;1523574
kart1;True;1855;16,79795;3;1526616
kart10;True;1852;16,75673;3;1528938
kart15;True;1850;16,76981;3;1530684
kart6;True;1861;16,74807;3;1531818
kart13;True;1847;16,78369;3;1531962
kart11;True;1850;16,74129;3;1536894
kart7;True;1855;16,78709;3;1538658
kart4;True;1873;16,7815;3;1540368
kart8;True;1853;16,81548;3;1541898
kart0;True;1848;16,84665;3;1542960
kart9;True;1845;16,81439;3;1546992
kart1;False;1203;9,606977;3;1548270
kart2;True;1860;16,74565;3;1548900
kart5;True;1842;16,79917;3;1551852
kart6;False;1137;8,788863;3;1552284
kart12;True;1872;16,81836;3;1552518
kart3;True;1855;16,79051;3;1553760
kart4;False;745;5,963259;3;1553778
kart16;True;1863;16,79669;3;1554588
kart17;True;1853;16,80153;3;1555020
kart14;True;1856;16,76355;3;1556982
kart10;True;1866;16,80746;3;1562526
kart15;True;1855;16,82636;3;1564074
kart13;True;1859;16,81261;3;1565424
kart8;False;1514;12,47352;3;1569150
kart11;True;1851;16,79369;3;1570212
kart7;True;1851;16,77365;3;1571976
kart0;True;1842;16,8018;3;1576116
kart17;False;1281;10,51706;3;1578078
kart9;True;1849;16,71822;3;1580274
kart1;True;1863;16,72583;3;1581804
kart2;True;1855;16,74233;3;1582290
kart5;True;1851;16,83336;3;1585170
kart6;True;1857;16,81108;3;1585710
kart12;True;1854;16,74214;3;1585890
kart3;True;1842;16,75498;3;1586916
kart4;True;1861;16,71917;3;1587276
kart16;True;1860;16,84942;3;1588068
kart14;True;1853;16,77669;3;1590336
kart10;True;1868;16,78907;3;1596150
kart15;True;1850;16,75625;3;1597374
kart13;True;1867;16,79786;3;1599030
kart8;True;1853;16,73111;3;1602504
kart11;True;1855;16,72657;3;1603602
kart7;True;1841;16,78375;3;1605114
kart4;False;1095;8,684945;3;1606986
kart0;True;1860;16,77596;3;1609596
kart17;True;1853;16,82813;3;1611432
kart9;True;1855;16,81587;3;1613664
kart1;True;1857;16,79743;3;1615230
kart2;True;1852;16,76119;3;1615626
kart12;False;1797;14,77101;3;1618236
kart5;True;1865;16,78628;3;1618740
kart6;True;1869;16,77789;3;1619352
kart3;True;1849;16,75947;3;1620198
kart16;True;1862;16,74279;3;1621584
kart14;True;1852;16,76862;3;1623672
kart10;True;1852;16,76935;3;1629486
kart15;True;1848;16,80581;3;1630638
kart13;True;1850;16,75394;3;1632330
kart8;True;1863;16,7552;3;1636038
kart11;True;1859;16,74803;3;1637064
kart7;True;1857;16,74709;3;1638540
kart4;True;1852;16,77096;3;1640322
kart0;True;1845;16,8276;3;1642806
kart17;True;1852;16,73401;3;1644768
kart9;True;1866;16,72529;3;1647252
kart1;True;1864;16,81433;3;1648782
kart2;True;1857;16,74417;3;1649052
kart12;True;1851;16,84449;3;1651554
kart5;True;1852;16,7932;3;1652076
kart6;True;1872;16,80812;3;1653048
kart3;True;1857;16,78968;3;1653624
kart16;True;1859;16,81566;3;1655046
kart14;True;1846;16,79256;3;1656900
kart0;False;1086;8,680233;3;1662354
kart10;True;1876;16,77919;3;1663254
kart15;True;1844;16,77407;3;1663830
kart13;True;1871;16,75256;3;1666008
kart8;True;1858;16,74792;3;1669482
kart11;True;1854;16,79212;3;1670436
kart7;True;1869;16,78358;3;1672182
kart4;True;1860;16,77234;3;1673802
kart17;True;1870;16,80176;3;1678428
kart9;True;1846;16,81485;3;1680480
kart1;True;1856;16,74353;3;1682190
kart2;True;1851;16,75199;3;1682370
kart10;False;1196;9,65423;3;1684782
kart12;True;1861;16,77949;3;1685052
kart5;True;1859;16,81188;3;1685538
kart6;True;1860;16,77705;3;1686528
kart3;True;1856;16,71363;3;1687032
kart16;True;1864;16,76495;3;1688598
kart14;True;1850;16,7317;3;1690200
kart0;True;1855;16,82232;3;1695744
kart15;True;1861;16,75945;3;1697328
kart17;False;1143;8,819096;3;1699002
kart13;True;1865;16,75675;3;1699578
kart8;True;1843;16,783;3;1702656
kart11;True;1855;16,76298;3;1703826
kart14;False;856;6,667129;3;1705608
kart7;True;1859;16,80529;3;1705644
kart4;True;1848;16,77992;3;1707066
kart9;True;1886;16,76122;3;1714428
kart1;True;1862;16,74612;3;1715706
kart2;True;1854;16,80132;3;1715742
kart10;True;1841;16,7428;3;1717920
kart12;True;1858;16,75521;3;1718496
kart5;True;1857;16,79328;3;1718964
kart6;True;1863;16,76989;3;1720062
kart3;True;1848;16,79515;3;1720296
kart16;True;1865;16,78336;3;1722168
kart0;True;1849;16,76559;3;1729026
kart15;True;1857;16,75467;3;1730754
kart17;True;1860;16,73211;3;1732482
kart13;True;1855;16,85173;3;1732968
kart8;True;1864;16,80977;3;1736208
kart11;True;1870;16,77686;3;1737486
kart7;True;1864;16,8187;3;1739196
kart14;True;1868;16,7507;3;1739232
kart4;True;1847;16,78976;3;1740312
kart9;True;1859;16,84788;3;1747890
kart1;True;1848;16,79477;3;1748970
kart2;True;1863;16,79682;3;1749276
kart10;True;1861;16,7902;3;1751418
kart12;True;1857;16,79225;3;1751922
kart5;True;1868;16,80712;3;1752588
kart6;True;1862;16,72065;3;1753578
kart3;True;1865;16,75379;3;1753866
kart16;True;1851;16,80184;3;1755486
kart0;True;1849;16,8409;3;1762308
kart15;True;1871;16,7956;3;1764432
kart17;True;1868;16,71489;3;1766106
kart13;True;1868;16,76572;3;1766592
kart8;True;1858;16,7684;3;1769652
kart11;True;1863;16,72078;3;1771020
kart7;True;1854;16,79504;3;1772568
kart14;True;1858;16,87491;3;1772676
kart4;True;1856;16,77403;3;1773720
kart1;False;1660;13,91036;3;1778850
kart9;True;1853;16,80212;3;1781244
kart2;True;1858;16,79428;3;1782720
kart10;True;1856;16,74074;3;1784826
kart12;True;1873;16,78097;3;1785636
kart5;True;1866;16,78117;3;1786176
kart6;True;1859;16,7449;3;1787040
kart3;True;1871;16,7639;3;1787544
kart16;True;1857;16,73257;3;1788912
kart11;False;1150;9,428846;3;1791720
kart0;True;1850;16,75802;3;1795608
kart15;True;1862;16,78223;3;1797948
kart17;True;1874;16,78368;3;1799838
kart13;True;1861;16,76924;3;1800090
kart8;True;1856;16,76341;3;1803060
kart7;True;1853;16,73341;3;1805922
kart14;True;1863;16,82996;3;1806210
kart4;True;1864;16,81192;3;1807272
kart1;True;1849;16,79046;3;1812132
kart9;True;1862;16,77418;3;1814760
kart2;True;1850;16,74353;3;1816020
kart10;True;1861;16,73336;3;1818324
kart12;True;1869;16,74788;3;1819278
kart5;True;1848;16,75005;3;1819440
kart6;True;1863;16,83745;3;1820574
kart3;True;1870;16,82826;3;1821204
kart16;True;1863;16,78974;3;1822446
kart11;True;1854;16,77764;3;1825092
kart0;True;1843;16,79648;3;1828782
kart15;True;1844;16,79563;3;1831140
kart17;True;1862;16,80723;3;1833354
kart13;True;1855;16,73845;3;1833480
kart8;True;1863;16,78622;3;1836594
kart7;True;1846;16,77377;3;1839150
kart14;True;1848;16,76917;3;1839474
kart4;True;1853;16,73356;3;1840626
kart1;True;1865;16,72501;3;1845702
kart9;True;1858;16,76852;3;1848204
kart2;True;1859;16,75114;3;1849482
kart10;True;1868;16,77759;3;1851948
kart12;True;1862;16,84404;3;1852794
kart5;True;1863;16,79478;3;1852974
kart6;True;1863;16,78462;3;1854108
kart3;True;1854;16,76112;3;1854576
kart16;True;1859;16,78976;3;1855908
kart11;True;1868;16,81912;3;1858716
kart0;True;1844;16,79403;3;1861974
kart15;True;1864;16,77176;3;1864692
kart17;True;1858;16,82946;3;1866798
kart13;True;1862;16,79396;3;1866996
kart8;True;1873;16,81549;3;1870308
kart7;True;1859;16,8241;3;1872612
kart1;False;1514;12,4605;3;1872954
kart14;True;1868;16,75004;3;1873098
kart4;True;1867;16,71455;3;1874232
kart9;True;1856;16,78622;3;1881612
kart2;True;1849;16,81329;3;1882764
kart10;True;1854;16,86884;3;1885320
kart12;True;1853;16,75344;3;1886148
kart5;True;1861;16,75735;3;1886472
kart6;True;1857;16,80286;3;1887534
kart3;True;1862;16,77187;3;1888092
kart16;True;1868;16,78833;3;1889532
kart11;True;1853;16,76432;3;1892070
kart0;True;1861;16,84109;3;1895472
kart15;True;1857;16,79239;3;1898118
kart17;True;1846;16,72912;3;1900026
kart13;True;1853;16,75579;3;1900350
kart8;True;1867;16,7835;3;1903914
kart7;True;1861;16,80462;3;1906110
kart1;True;1853;16,81572;3;1906308
kart14;True;1866;16,81525;3;1906686
kart4;True;1856;16,83425;3;1907640
kart9;True;1852;16,80498;3;1914948
kart2;True;1853;16,81591;3;1916118
kart10;True;1854;16,83847;3;1918692
kart5;True;1852;16,7988;3;1919808
kart12;True;1877;16,8101;3;1919934
kart6;True;1856;16,79458;3;1920942
kart3;True;1865;16,75455;3;1921662
kart16;True;1861;16,76195;3;1923030
kart11;True;1850;16,79486;3;1925370
kart0;True;1853;16,80099;3;1928826
kart15;True;1853;16,82017;3;1931472
kart17;True;1865;16,79792;3;1933596
kart13;True;1856;16,80688;3;1933758
kart8;True;1860;16,81782;3;1937394
kart7;True;1848;16,79384;3;1939374
kart1;True;1868;16,79519;3;1939932
kart14;True;1865;16,74789;3;1940256
kart4;True;1869;16,77015;3;1941282
kart9;True;1853;16,81874;3;1948302
kart2;True;1869;16,81192;3;1949760
kart10;True;1854;16,75531;3;1952064
kart5;True;1849;16,75227;3;1953090
kart12;True;1860;16,82759;3;1953414
kart6;True;1860;16,8522;3;1954422
kart3;True;1855;16,80729;3;1955052
kart16;True;1855;16,77646;3;1956420
kart11;True;1863;16,67644;3;1958904
kart7;False;1158;9,443781;3;1960218
kart0;True;1865;16,80703;3;1962396
kart15;True;1850;16,7517;3;1964772
kart13;True;1844;16,75793;3;1966950
kart17;True;1864;16,77652;3;1967148
kart8;True;1871;16,73834;3;1971072
kart1;True;1857;16,76984;3;1973358
kart14;True;1853;16,7158;3;1973610
kart4;True;1871;16,7875;3;1974960
kart9;True;1856;16,82708;3;1981710
kart2;True;1862;16,73985;3;1983276
kart10;True;1853;16,81601;3;1985418
kart5;True;1845;16,79914;3;1986300
kart12;True;1854;16,81202;3;1986786
kart6;True;1848;16,78259;3;1987686
kart3;True;1858;16,76712;3;1988496
kart16;True;1859;16,78915;3;1989882
kart11;True;1861;16,7504;3;1992402
kart7;True;1872;16,78502;3;1993914
kart0;True;1857;16,79123;3;1995822
kart15;False;1847;15,21485;3;1998018
kart13;True;1863;16,85344;3;2000484
kart17;True;1852;16,79086;3;2000484
kart8;True;1849;16,73142;3;2004354
kart1;True;1862;16,77571;3;2006874
kart14;True;1856;16,82598;3;2007018
kart4;True;1853;16,7854;3;2008314
kart9;True;1855;16,77632;3;2015100
kart2;True;1864;16,7999;3;2016828
kart10;True;1867;16,78523;3;2019024
kart5;True;1866;16,79186;3;2019888
kart12;True;1865;16,74879;3;2020356
kart6;True;1862;16,78208;3;2021202
kart3;True;1863;16,76551;3;2022030
kart16;True;1862;16,78018;3;2023398
kart11;True;1844;16,797;3;2025594
kart7;True;1868;16,79954;3;2027538
kart0;True;1852;16,83182;3;2029158
kart15;True;1851;16,76783;3;2031336
kart17;True;1857;16,82956;3;2033910
kart13;True;1858;16,74969;3;2033928
kart8;True;1844;16,79116;3;2037546
kart1;True;1866;16,76221;3;2040462
kart14;True;1871;16,72113;3;2040696
kart4;True;1869;16,73725;3;2041956
kart9;True;1850;16,8026;3;2048400
kart2;True;1849;16,79193;3;2050110
kart10;True;1864;16,74067;3;2052576
kart5;True;1870;16,76948;3;2053548
kart12;True;1859;16,80977;3;2053818
kart6;True;1853;16,80822;3;2054556
kart3;True;1854;16,74478;3;2055402
kart16;True;1847;16,78516;3;2056644
kart11;True;1854;16,78414;3;2058966
kart7;True;1875;16,78095;3;2061288
kart0;True;1847;16,82323;3;2062404
kart15;True;1860;16,73208;3;2064816
kart17;True;1858;16,79656;3;2067354
kart13;True;1864;16,81157;3;2067480
kart8;True;1852;16,8276;3;2070882
kart1;False;1794;14,77234;3;2072754
kart14;True;1856;16,77515;3;2074104
kart4;True;1849;16,7661;3;2075238
kart9;True;1838;16,79759;3;2081484
kart2;True;1849;16,82938;3;2083392
kart8;False;741;5,935495;3;2084220
kart10;True;1848;16,82467;3;2085840
kart5;True;1853;16,75217;3;2086902
kart12;True;1846;16,79603;3;2087046
kart6;True;1874;16,74126;3;2088288
kart3;True;1851;16,73995;3;2088720
kart16;True;1860;16,76772;3;2090124
kart11;True;1865;16,77501;3;2092536
kart7;True;1849;16,8287;3;2094570
kart0;True;1857;16,75882;3;2095830
kart15;True;1847;16,75943;3;2098062
kart13;True;1843;16,77171;3;2100654
kart17;True;1855;16,79776;3;2100744
kart1;True;1849;16,76122;3;2106036
kart14;True;1856;16,7816;3;2107512
kart4;True;1845;16,77902;3;2108448
kart9;True;1865;16,77518;3;2115054
kart2;True;1849;16,7996;3;2116674
kart8;True;1840;16,76709;3;2117340
kart10;True;1852;16,75752;3;2119176
kart5;True;1851;16,81763;3;2120220
kart12;True;1865;16,75292;3;2120616
kart6;True;1844;16,7712;3;2121480
kart3;True;1847;16,79764;3;2121966
kart16;True;1865;16,83359;3;2123694
kart11;True;1842;16,77352;3;2125692
kart7;True;1855;16,76923;3;2127960
kart0;True;1853;16,82104;3;2129184
kart15;True;1858;16,73996;3;2131506
kart13;True;1850;16,77469;3;2133954
kart17;True;1859;16,83434;3;2134206
kart1;True;1847;16,78705;3;2139282
kart14;True;1845;16,82544;3;2140722
kart4;True;1844;16,75645;3;2141640
kart10;False;1503;12,46751;3;2146230
kart9;True;1851;16,74163;3;2148372
kart17;False;843;6,739262;3;2149380
kart2;True;1858;16,76316;3;2150118
kart8;True;1861;16,77459;3;2150838
kart5;True;1857;16,76605;3;2153646
kart12;True;1861;16,81672;3;2154114
kart6;True;1856;16,81018;3;2154888
kart3;True;1855;16,71951;3;2155356
kart0;False;1496;12,47469;3;2156112
kart16;True;1855;16,83568;3;2157084
kart11;True;1859;16,69518;3;2159154
kart7;True;1843;16,76457;3;2161134
kart15;True;1869;16,7778;3;2165148
kart13;True;1849;16,82176;3;2167236
kart1;True;1851;16,799;3;2172600
kart14;True;1850;16,76217;3;2174022
kart4;True;1856;16,824;3;2175048
kart0;False;1066;8,662254;3;2175300
kart10;True;1850;16,79827;3;2179530
kart9;True;1858;16,76738;3;2181816
kart17;True;1858;16,7866;3;2182824
kart2;True;1851;16,79728;3;2183436
kart8;True;1865;16,75272;3;2184408
kart5;True;1859;16,81562;3;2187108
kart12;True;1864;16,75818;3;2187666
kart6;True;1860;16,85468;3;2188368
kart3;True;1852;16,81263;3;2188692
kart16;True;1864;16,76016;3;2190636
kart11;True;1853;16,79686;3;2192508
kart7;True;1857;16,77894;3;2194560
kart15;True;1845;16,80699;3;2198358
kart13;True;1866;16,75818;3;2200824
kart1;True;1847;16,80452;3;2205846
kart14;True;1859;16,79136;3;2207484
kart0;True;1839;16,75946;3;2208402
kart4;True;1855;16,76731;3;2208438
kart10;True;1850;16,81181;3;2212830
kart9;True;1841;16,77864;3;2214954
kart17;True;1846;16,74228;3;2216052
kart2;True;1853;16,74172;3;2216790
kart8;True;1859;16,7914;3;2217870
kart5;True;1848;16,8225;3;2220372
kart12;True;1868;16,75942;3;2221290
kart6;True;1848;16,73909;3;2221632
kart3;True;1855;16,74363;3;2222082
kart16;True;1857;16,74205;3;2224062
kart11;True;1853;16,81352;3;2225862
kart7;True;1863;16,84449;3;2228094
kart15;True;1860;16,77958;3;2231838
kart13;True;1853;16,78091;3;2234178
kart1;True;1847;16,7843;3;2239092
kart14;True;1848;16,76946;3;2240748
kart0;True;1840;16,81447;3;2241522
kart4;True;1852;16,81842;3;2241774
kart10;True;1857;16,79595;3;2246256
kart9;True;1849;16,79295;3;2248236
kart17;True;1871;16,75982;3;2249730
kart2;True;1849;16,77822;3;2250072
kart8;True;1848;16,7809;3;2251134
kart5;True;1855;16,79252;3;2253762
kart12;True;1856;16,75871;3;2254698
kart6;True;1847;16,82486;3;2254878
kart3;True;1857;16,77698;3;2255508
kart16;True;1852;16,77784;3;2257398
kart11;True;1848;16,807;3;2259126
kart7;True;1866;16,79544;3;2261682
kart15;True;1864;16,7894;3;2265390
kart13;True;1859;16,79166;3;2267640
kart1;True;1863;16,78782;3;2272626
kart14;True;1844;16,75851;3;2273940
kart0;True;1841;16,80088;3;2274660
kart4;True;1851;16,75404;3;2275092
kart10;True;1854;16,81052;3;2279628
kart9;True;1862;16,70239;3;2281752
kart2;True;1852;16,76634;3;2283408
kart17;True;1873;16,76567;3;2283444
kart8;True;1850;16,79883;3;2284434
kart5;True;1850;16,85795;3;2287062
kart12;True;1849;16,76558;3;2287980
kart6;True;1855;16,78087;3;2288268
kart3;True;1840;16,77371;3;2288628
kart16;True;1861;16,77631;3;2290896
kart11;True;1857;16,81967;3;2292552
kart7;True;1848;16,77496;3;2294946
kart15;True;1844;16,7569;3;2298582
kart13;True;1850;16,8352;3;2300940
kart1;True;1853;16,79805;3;2305980
kart14;True;1855;16,817;3;2307330
kart0;True;1853;16,85013;3;2308014
kart4;True;1864;16,81952;3;2308644
kart11;False;975;7,477355;3;2310102
kart10;True;1853;16,8212;3;2312982
kart9;True;1849;16,78977;3;2315034
kart17;True;1846;16,7954;3;2316672
kart2;True;1850;16,78398;3;2316708
kart8;True;1849;16,78495;3;2317716
kart5;True;1855;16,8083;3;2320452
kart12;True;1850;16,75937;3;2321280
kart13;False;1134;8,792557;3;2321352
kart6;True;1854;16,73176;3;2321640
kart3;True;1869;16,73831;3;2322270
kart16;True;1854;16,80792;3;2324268
kart7;True;1851;16,73163;3;2328264
kart15;True;1852;16,81945;3;2331918
kart1;True;1862;16,8212;3;2339496
kart14;True;1852;16,83001;3;2340666
kart0;True;1838;16,81547;3;2341098
kart4;True;1845;16,76611;3;2341854
kart11;True;1864;16,7788;3;2343654
kart3;False;1202;9,740115;3;2343906
kart10;True;1850;16,75838;3;2346282
kart9;True;1859;16,84824;3;2348496
kart2;True;1846;16,77557;3;2349936
kart17;True;1854;16,82638;3;2350044
kart8;True;1843;16,75514;3;2350890
kart5;True;1844;16,78754;3;2353644
kart12;True;1850;16,81042;3;2354580
kart13;True;1858;16,80731;3;2354796
kart6;True;1856;16,8158;3;2355048
kart16;True;1848;16,77901;3;2357532
kart7;True;1843;16,75409;3;2361438
kart15;True;1850;16,8125;3;2365218
kart1;True;1844;16,76915;3;2372688
kart7;False;626;4,866013;3;2372706
kart14;True;1855;16,83194;3;2374056
kart0;True;1852;16,82045;3;2374434
kart4;True;1853;16,80121;3;2375208
kart11;True;1855;16,77083;3;2377044
kart3;True;1856;16,81624;3;2377314
kart10;True;1848;16,78261;3;2379546
kart9;True;1847;16,76668;3;2381742
kart17;True;1839;16,75602;3;2383146
kart2;True;1851;16,77799;3;2383254
kart8;True;1846;16,78216;3;2384118
kart5;True;1850;16,80532;3;2386944
kart12;True;1852;16,7504;3;2387916
kart13;True;1861;16,84972;3;2388294
kart6;True;1859;16,76133;3;2388510
kart16;True;1869;16,74717;3;2391174
kart15;True;1851;16,79441;3;2398536
kart7;True;1843;16,78199;3;2405880
kart6;False;979;7,478481;3;2406132
kart1;True;1867;16,77443;3;2406294
kart0;True;1837;16,82693;3;2407500
kart14;True;1869;16,78238;3;2407698
kart4;True;1852;16,84299;3;2408544
kart11;True;1846;16,76946;3;2410272
kart3;True;1860;16,7427;3;2410794
kart10;True;1849;16,80263;3;2412828
kart16;False;1278;10,43616;3;2414178
kart9;True;1851;16,79832;3;2415060
kart17;True;1852;16,77017;3;2416482
kart2;True;1849;16,7733;3;2416536
kart8;True;1859;16,80645;3;2417580
kart5;True;1849;16,77832;3;2420226
kart12;True;1848;16,75879;3;2421180
kart13;True;1850;16,76401;3;2421594
kart11;False;1140;8,780702;3;2430792
kart8;False;749;5,947068;3;2431062
kart15;True;1853;16,77928;3;2431890
kart7;True;1841;16,79215;3;2439018
kart6;True;1857;16,76313;3;2439558
kart1;True;1859;16,76527;3;2439756
kart0;True;1855;16,79886;3;2440890
kart14;True;1857;16,80479;3;2441124
kart4;True;1856;16,75016;3;2441952
kart3;True;1850;16,79303;3;2444094
kart10;True;1835;16,79171;3;2445858
kart16;True;1851;16,80972;3;2447496
kart9;True;1855;16,77819;3;2448450
kart17;True;1853;16,77507;3;2449836
kart2;True;1859;16,73531;3;2449998
kart5;True;1854;16,78875;3;2453598
kart12;True;1859;16,80952;3;2454642
kart13;True;1855;16,78077;3;2454984
kart11;True;1855;16,80459;3;2464182
kart8;True;1850;16,837;3;2464362
kart15;True;1849;16,7787;3;2465172
kart17;False;1005;7,70885;3;2467926
kart7;True;1844;16,74753;3;2472210
kart1;True;1843;16,77408;3;2472930
kart6;True;1854;16,79304;3;2472930
kart0;True;1847;16,7731;3;2474136
kart14;True;1857;16,77082;3;2474550
kart4;True;1865;16,78228;3;2475522
kart3;True;1852;16,80403;3;2477430
kart10;True;1852;16,78157;3;2479194
kart16;True;1860;16,74816;3;2480976
kart9;True;1848;16,81413;3;2481714
kart13;False;1496;12,38642;3;2481912
kart2;True;1846;16,78934;3;2483226
kart5;True;1849;16,80423;3;2486880
kart12;True;1855;16,79291;3;2488032
kart11;True;1847;16,79375;3;2497428
kart8;True;1855;16,7411;3;2497752
kart15;True;1848;16,78227;3;2498436
kart17;True;1859;16,72115;3;2501388
kart7;True;1852;16,77349;3;2505546
kart1;True;1858;16,812;3;2506374
kart6;True;1863;16,82005;3;2506464
kart0;True;1841;16,81528;3;2507274
kart14;True;1850;16,7798;3;2507850
kart4;True;1849;16,79306;3;2508804
kart3;True;1853;16,72474;3;2510784
kart10;True;1856;16,74591;3;2512602
kart16;True;1843;16,76071;3;2514150
kart9;True;1838;16,73978;3;2514798
kart13;True;1839;16,7945;3;2515014
kart2;True;1861;16,80463;3;2516724
kart5;True;1868;16,74701;3;2520504
kart12;True;1849;16,82786;3;2521314
kart11;True;1862;16,78063;3;2530944
kart8;True;1866;16,78704;3;2531340
kart15;True;1869;16,7188;3;2532078
kart17;True;1841;16,78175;3;2534526
kart7;True;1851;16,80343;3;2538864
kart6;True;1842;16,78324;3;2539620
kart1;True;1856;16,76762;3;2539782
kart0;True;1841;16,79156;3;2540412
kart14;True;1850;16,70958;3;2541150
kart4;True;1844;16,75117;3;2541996
kart3;True;1862;16,79825;3;2544300
kart10;True;1861;16,71027;3;2546100
kart16;True;1853;16,8139;3;2547504
kart9;True;1856;16,78556;3;2548206
kart13;True;1855;16,81422;3;2548404
kart2;True;1851;16,77777;3;2550042
kart5;True;1850;16,77107;3;2553804
kart8;False;1268;10,4365;3;2554164
kart12;True;1849;16,70839;3;2554596
kart11;True;1847;16,74812;3;2564190
kart15;True;1850;16,78881;3;2565378
kart17;True;1840;16,77888;3;2567646
kart7;True;1845;16,77497;3;2572074
kart6;True;1858;16,80716;3;2573064
kart1;True;1858;16,7702;3;2573226
kart0;True;1847;16,80179;3;2573658
kart14;True;1845;16,7773;3;2574360
kart4;True;1850;16,80447;3;2575296
kart3;True;1866;16,7269;3;2577888
kart10;True;1862;16,73141;3;2579616
kart16;True;1862;16,7553;3;2581020
kart9;True;1851;16,7733;3;2581524
kart13;True;1850;16,7983;3;2581704
kart2;True;1849;16,77741;3;2583324
kart5;True;1859;16,78931;3;2587266
kart8;True;1861;16,76721;3;2587662
kart12;True;1853;16,75766;3;2587950
kart11;True;1850;16,74585;3;2597490
kart15;True;1852;16,73082;3;2598714
kart17;True;1839;16,75456;3;2600748
kart7;True;1851;16,72056;3;2605392
kart1;True;1834;16,72637;3;2606238
kart6;True;1851;16,80112;3;2606382
kart0;True;1840;16,7842;3;2606778
kart14;True;1851;16,76283;3;2607678
kart4;True;1855;16,75338;3;2608686
kart3;True;1854;16,7995;3;2611260
kart10;True;1844;16,78415;3;2612808
kart16;True;1847;16,79509;3;2614266
kart9;True;1851;16,8061;3;2614842
kart13;True;1860;16,81647;3;2615184
kart2;True;1849;16,77581;3;2616606
kart5;True;1851;16,78048;3;2620584
kart8;True;1849;16,77507;3;2620944
kart12;True;1854;16,77642;3;2621322
kart11;True;1852;16,77557;3;2630826
kart15;True;1859;16,83579;3;2632176
kart17;True;1859;16,78193;3;2634210
kart7;True;1864;16,83676;3;2638944
kart0;False;1790;14,78777;3;2638998
kart6;True;1850;16,75181;3;2639682
kart1;True;1863;16,77295;3;2639772
kart14;True;1844;16,79688;3;2640870
kart4;True;1844;16,7601;3;2641878
kart3;True;1855;16,73588;3;2644650
kart10;True;1867;16,76958;3;2646414
kart16;True;1849;16,77279;3;2647548
kart9;True;1853;16,78711;3;2648196
kart13;True;1854;16,7309;3;2648556
kart2;True;1844;16,78517;3;2649798
kart5;True;1851;16,79032;3;2653902
kart8;True;1863;16,80317;3;2654478
kart12;True;1856;16,7613;3;2654730
kart11;True;1864;16,77292;3;2664378
kart15;True;1854;16,74329;3;2665548
kart17;True;1848;16,7686;3;2667474
kart0;True;1840;16,81062;3;2672118
kart7;True;1844;16,76699;3;2672136
kart6;True;1845;16,78414;3;2672892
kart1;True;1867;16,72944;3;2673378
kart14;True;1863;16,76443;3;2674404
kart4;True;1851;16,76731;3;2675196
kart11;False;629;4,961085;3;2675700
kart3;True;1865;16,79276;3;2678220
kart10;True;1849;16,76649;3;2679696
kart16;True;1856;16,82016;3;2680956
kart9;True;1865;16,83028;3;2681766
kart13;True;1847;16,77616;3;2681802
kart2;True;1858;16,81739;3;2683242
kart5;True;1857;16,8253;3;2687328
kart8;True;1859;16,78918;3;2687940
kart12;True;1860;16,79472;3;2688210
kart15;True;1853;16,78826;3;2698902
kart17;True;1866;16,78365;3;2701062
kart0;True;1839;16,75415;3;2705220
kart7;True;1870;16,83399;3;2705796
kart6;True;1857;16,75231;3;2706318
kart1;True;1848;16,79207;3;2706642
kart14;True;1858;16,81911;3;2707848
kart4;True;1849;16,76782;3;2708478
kart11;True;1854;16,81187;3;2709072
kart3;True;1861;16,79683;3;2711718
kart10;True;1842;16,76956;3;2712852
kart16;True;1846;16,77552;3;2714184
kart13;True;1852;16,75866;3;2715138
kart9;True;1864;16,75312;3;2715318
kart2;True;1855;16,75418;3;2716632
kart5;True;1860;16,7888;3;2720808
kart8;True;1854;16,8181;3;2721312
kart12;True;1864;16,75801;3;2721762
kart15;True;1856;16,77869;3;2732310
kart17;True;1860;16,82551;3;2734542
kart0;True;1852;16,80053;3;2738556
kart7;True;1853;16,80206;3;2739150
kart6;True;1850;16,82944;3;2739618
kart1;True;1855;16,77187;3;2740032
kart14;True;1862;16,81388;3;2741364
kart4;True;1867;16,75457;3;2742084
kart11;True;1856;16,76475;3;2742480
kart3;True;1848;16,779;3;2744982
kart10;True;1853;16,81892;3;2746206
kart16;True;1865;16,76876;3;2747754
kart13;True;1861;16,83364;3;2748636
kart9;True;1854;16,74352;3;2748690
kart2;True;1857;16,7605;3;2750058
kart5;True;1858;16,77941;3;2754252
kart8;True;1855;16,78587;3;2754702
kart12;True;1855;16,80091;3;2755152
kart15;True;1856;16,75697;3;2765718
kart9;False;1065;8,66145;3;2767860
kart17;True;1853;16,78467;3;2767896
kart0;True;1845;16,80551;3;2771766
kart7;True;1844;16,77538;3;2772342
kart6;True;1848;16,75591;3;2772882
kart1;True;1856;16,72982;3;2773440
kart14;True;1853;16,78543;3;2774718
kart4;True;1867;16,74565;3;2775690
kart11;True;1847;16,7294;3;2775726
kart3;True;1839;16,79646;3;2778084
kart10;True;1854;16,7951;3;2779578
kart12;False;1389;11,34879;3;2780154
kart16;True;1856;16,78435;3;2781162
kart13;True;1851;16,8469;3;2781954
kart2;True;1846;16,77603;3;2783286
kart5;True;1853;16,78508;3;2787606
kart8;True;1853;16,76481;3;2788056
kart4;False;832;6,692385;3;2790666
kart15;True;1849;16,76029;3;2799000
kart9;True;1852;16,78533;3;2801196
kart17;True;1852;16,75236;3;2801232
kart0;True;1845;16,76894;3;2804976
kart7;True;1848;16,76744;3;2805606
kart6;True;1845;16,78272;3;2806092
kart1;True;1867;16,76707;3;2807046
kart14;True;1850;16,77306;3;2808018
kart11;True;1838;16,78931;3;2808810
kart3;True;1855;16,81721;3;2811474
kart10;True;1845;16,74788;3;2812788
kart12;True;1857;16,73386;3;2813580
kart16;True;1851;16,7563;3;2814480
kart13;True;1855;16,75609;3;2815344
kart2;True;1843;16,73738;3;2816460
kart5;True;1852;16,78064;3;2820942
kart8;True;1840;16,79905;3;2821176
kart4;True;1850;16,7434;3;2823966
kart15;True;1865;16,78439;3;2832570
kart9;True;1844;16,79908;3;2834388
kart17;True;1860;16,75607;3;2834712
kart0;True;1841;16,81389;3;2838114
kart7;True;1853;16,7174;3;2838960
kart6;True;1839;16,77174;3;2839194
kart1;True;1867;16,77789;3;2840652
kart14;True;1848;16,81984;3;2841282
kart11;True;1844;16,80391;3;2842002
kart3;True;1860;16,75347;3;2844954
kart10;True;1846;16,7483;3;2846016
kart12;True;1845;16,75898;3;2846790
kart16;True;1848;16,70635;3;2847744
kart13;True;1843;16,76177;3;2848518
kart2;True;1863;16,8061;3;2849994
kart5;True;1852;16,77156;3;2854278
kart8;True;1854;16,76824;3;2854548
kart4;True;1848;16,7771;3;2857230
kart15;True;1850;16,77888;3;2865870
kart9;True;1858;16,74472;3;2867832
kart17;True;1846;16,73138;3;2867940
kart2;False;1135;8,786822;3;2870424
kart0;True;1839;16,81288;3;2871216
kart7;True;1857;16,80121;3;2872386
kart6;True;1847;16,78627;3;2872440
kart1;True;1853;16,7743;3;2874006
kart14;True;1852;16,80421;3;2874618
kart11;True;1848;16,76608;3;2875266
kart3;True;1847;16,78749;3;2878200
kart17;False;615;4,859176;3;2879010
kart10;True;1851;16,77212;3;2879334
kart12;True;1847;16,70803;3;2880036
kart16;True;1860;16,75822;3;2881224
kart13;True;1859;16,78587;3;2881980
kart5;True;1854;16,74238;3;2887650
kart8;True;1848;16,76409;3;2887812
kart4;True;1852;16,76778;3;2890566
kart15;True;1864;16,75717;3;2899422
kart9;True;1863;16,73222;3;2901366
kart2;True;1848;16,80248;3;2903688
kart0;True;1847;16,82405;3;2904462
kart7;True;1849;16,74648;3;2905668
kart6;True;1864;16,73109;3;2905992
kart1;True;1849;16,80727;3;2907288
kart14;True;1866;16,74691;3;2908206
kart11;True;1869;16,75524;3;2908908
kart3;True;1844;16,7553;3;2911392
kart17;True;1850;16,72687;3;2912310
kart10;True;1849;16,7845;3;2912616
kart12;True;1859;16,8065;3;2913498
kart16;True;1850;16,83081;3;2914524
kart13;True;1855;16,74876;3;2915370
kart5;True;1866;16,73399;3;2921238
kart8;True;1865;16,73208;3;2921382
kart4;True;1840;16,77372;3;2923686
kart15;True;1846;16,7843;3;2932650
kart9;True;1864;16,79292;3;2934918
kart2;True;1870;16,69756;3;2937348
kart0;True;1853;16,80529;3;2937816
kart7;True;1851;16,75119;3;2938986
kart6;True;1870;16,75946;3;2939652
kart1;True;1845;16,76865;3;2940498
kart14;True;1864;16,76089;3;2941758
kart11;True;1851;16,79133;3;2942226
kart3;True;1856;16,80325;3;2944800
kart17;True;1843;16,75937;3;2945484
kart10;True;1838;16,76164;3;2945700
kart12;True;1858;16,74083;3;2946942
kart16;True;1875;16,77082;3;2948274
kart13;True;1854;16,74631;3;2948742
kart5;True;1854;16,7863;3;2954610
kart8;True;1853;16,82279;3;2954736
kart4;True;1853;16,83396;3;2957040
kart15;True;1860;16,75523;3;2966130
kart9;True;1849;16,78525;3;2968200
kart2;True;1840;16,75423;3;2970468
kart0;True;1841;16,77964;3;2970954
kart7;True;1838;16,78464;3;2972070
kart6;True;1852;16,76828;3;2972988
kart1;True;1848;16,81115;3;2973762
kart14;True;1844;16,78145;3;2974950
kart11;True;1859;16,79895;3;2975688
kart3;True;1855;16,78571;3;2978190
kart17;True;1852;16,79085;3;2978820
kart10;True;1863;16,82173;3;2979234
kart12;True;1847;16,78416;3;2980188
kart16;True;1855;16,8169;3;2981664
kart5;False;1511;12,39796;3;2981808
kart13;True;1853;16,74456;3;2982096
kart8;True;1852;16,84822;3;2988072
kart4;True;1850;16,80711;3;2990340
kart15;True;1851;16,82287;3;2999448
kart9;True;1856;16,77303;3;3001608
kart2;True;1851;16,81129;3;3003786
kart0;True;1857;16,78239;3;3004380
kart7;True;1840;16,78804;3;3005190
kart6;True;1857;16,82378;3;3006414
kart1;True;1862;16,79242;3;3007278
kart14;True;1842;16,75801;3;3008106
kart11;True;1863;16,7658;3;3009222
kart3;True;1863;16,76983;3;3011724
kart17;True;1849;16,79553;3;3012102
kart10;True;1850;16,75706;3;3012534
kart12;True;1863;16,78206;3;3013722
kart16;True;1850;16,74835;3;3014964
kart5;True;1855;16,74881;3;3015198
kart13;True;1856;16,75711;3;3015504
kart8;True;1845;16,77672;3;3021282
kart4;True;1851;16,79209;3;3023658
kart12;False;743;5,932911;3;3027096
kart13;False;740;5,932188;3;3028824
kart15;True;1856;16,79611;3;3032856
kart9;True;1851;16,78733;3;3034926
kart7;False;1677;13,88492;3;3035376
kart2;True;1848;16,74443;3;3037050
kart0;True;1855;16,78723;3;3037770
kart6;True;1839;16,76216;3;3039516
kart1;True;1853;16,77777;3;3040632
kart14;True;1854;16,77718;3;3041478
kart3;False;1658;13,73569;3;3041568
kart11;True;1848;16,7656;3;3042486
kart17;True;1850;16,8007;3;3045402
kart10;True;1848;16,77162;3;3045798
kart16;True;1856;16,73573;3;3048372
kart5;True;1849;16,80155;3;3048480
kart8;False;1851;15,15304;3;3054600
kart4;True;1855;16,75247;3;3057048
kart12;True;1855;16,83212;3;3060486
kart13;True;1848;16,80826;3;3062088
kart15;True;1858;16,78705;3;3066300
kart9;True;1859;16,83797;3;3068388
kart7;True;1848;16,75562;3;3068640
kart2;True;1850;16,79296;3;3070350
kart0;True;1846;16,83862;3;3070998
kart6;True;1853;16,79933;3;3072870
kart1;True;1865;16,7633;3;3074202
kart14;True;1850;16,81341;3;3074778
kart3;True;1864;16,7574;3;3075120
kart11;True;1856;16,75114;3;3075894
kart17;True;1863;16,75423;3;3078936
kart10;True;1842;16,76048;3;3078954
kart16;True;1845;16,7786;3;3081582
kart5;True;1858;16,78107;3;3081924
kart8;True;1864;16,73519;3;3088152
kart4;True;1844;16,83727;3;3090240
kart12;True;1847;16,77386;3;3093732
kart13;True;1867;16,74137;3;3095694
kart15;True;1860;16,81002;3;3099780
kart9;True;1857;16,78759;3;3101814
kart7;True;1846;16,7523;3;3101868
kart2;True;1862;16,81279;3;3103866
kart0;True;1845;16,84107;3;3104208
kart6;True;1869;16,81736;3;3106512
kart1;False;1851;15,18202;3;3107520
kart4;False;973;7,484735;3;3107754
kart14;True;1852;16,82684;3;3108114
kart3;True;1853;16,76946;3;3108474
kart11;True;1854;16,79993;3;3109266
kart17;True;1839;16,79551;3;3112038
kart10;True;1840;16,77176;3;3112074
kart5;True;1847;16,80096;3;3115170
kart16;True;1871;16,7727;3;3115260
kart8;True;1850;16,80616;3;3121452
kart12;True;1863;16,77625;3;3127266
kart13;True;1849;16,77802;3;3128976
kart15;True;1851;16,7949;3;3133098
kart9;True;1847;16,79194;3;3135060
kart7;True;1847;16,74779;3;3135114
kart16;False;1201;9,756251;3;3136878
kart2;True;1843;16,7892;3;3137040
kart0;True;1843;16,80441;3;3137382
kart6;True;1852;16,77622;3;3139848
kart4;False;1796;14,80384;3;3140082
kart1;True;1851;16,81511;3;3140838
kart14;True;1852;16,78227;3;3141450
kart3;True;1860;16,77414;3;3141954
kart11;True;1855;16,78424;3;3142656
kart10;True;1847;16,78172;3;3145320
kart17;True;1852;16,77061;3;3145374
kart5;True;1855;16,8091;3;3148560
kart8;True;1869;16,74849;3;3155094
kart9;False;1131;8,772454;3;3155418
kart12;True;1859;16,80467;3;3160728
kart13;True;1849;16,76222;3;3162258
kart15;True;1854;16,82687;3;3166470
kart7;False;1846;15,18555;3;3168342
kart16;True;1842;16,77871;3;3170034
kart2;True;1845;16,78626;3;3170250
kart0;True;1854;16,86385;3;3170754
kart6;True;1846;16,75056;3;3173076
kart4;True;1857;16,75635;3;3173508
kart1;True;1838;16,75544;3;3173922
kart14;True;1858;16,76207;3;3174894
kart3;True;1862;16,74742;3;3175470
kart11;True;1837;16,75986;3;3175722
kart17;True;1839;16,76632;3;3178476
kart10;True;1861;16,75163;3;3178818
kart5;True;1874;16,75842;3;3182292
kart8;True;1850;16,77795;3;3188394
kart9;True;1846;16,76871;3;3188646
kart12;False;1802;14,77135;3;3193164
kart13;True;1856;16,78839;3;3195666
kart16;False;1644;13,72262;3;3199626
kart15;True;1846;16,78984;3;3199698
kart7;True;1856;16,78864;3;3201750
kart0;True;1831;21,75992;3;3203712
kart2;True;1859;16,79649;3;3203712
kart6;True;1852;16,81078;3;3206412
kart4;True;1854;16,75495;3;3206880
kart1;True;1852;16,80632;3;3207258
kart14;True;1854;16,81156;3;3208266
kart3;True;1855;16,77665;3;3208860
kart11;True;1845;16,74442;3;3208932
kart8;False;1268;10,48088;3;3211218
kart17;True;1843;16,78465;3;3211650
kart10;True;1849;16,76478;3;3212100
kart5;True;1842;16,76632;3;3215448
kart3;False;618;4,855087;3;3219984
kart9;True;1863;16,72527;3;3222180
kart5;False;443;3,386766;3;3223422
kart12;True;1855;16,78275;3;3226554
kart13;True;1847;16,77723;3;3228912
kart6;False;1274;10,48858;3;3229344
kart15;True;1854;16,77511;3;3233070
kart16;True;1868;16,82197;3;3233250
kart11;False;1389;11,4422;3;3233934
kart7;True;1845;16,80072;3;3234960
kart0;True;1840;16,803;3;3236832
kart2;True;1850;16,80503;3;3237012
kart4;True;1857;16,75663;3;3240306
kart1;True;1843;16,79276;3;3240432
kart14;True;1857;16,753;3;3241692
kart8;True;1845;16,80303;3;3244428
kart17;True;1847;16,77112;3;3244896
kart10;True;1856;16,77224;3;3245508
kart5;False;1526;12,75536;3;3250890
kart3;True;1847;16,80655;3;3253230
kart9;True;1853;16,78284;3;3255534
kart12;True;1844;16,79537;3;3259746
kart13;True;1865;16,77473;3;3262482
kart6;True;1857;16,80188;3;3262770
kart16;True;1847;16,78769;3;3266496
kart15;True;1869;16,80504;3;3266712
kart11;True;1858;16,81191;3;3267378
kart7;True;1865;16,70494;3;3268530
kart0;True;1848;16,80433;3;3270096
kart2;True;1851;16,79869;3;3270330
kart4;True;1838;16,75739;3;3273390
kart10;False;1551;12,69716;3;3273426
kart1;True;1863;16,75546;3;3273966
kart14;True;1854;16,76994;3;3275064
kart8;True;1851;16,7659;3;3277746
kart17;True;1851;16,78045;3;3278214
kart5;True;1852;16,80713;3;3284226
kart3;True;1851;16,81831;3;3286548
kart4;False;737;5,913764;3;3286656
kart9;True;1857;16,83652;3;3288960
kart12;True;1874;16,73142;3;3293478
kart13;True;1874;16,80179;3;3296214
kart6;True;1862;16,77865;3;3296286
kart16;True;1859;16,78581;3;3299958
kart15;True;1855;16,74975;3;3300102
kart11;True;1853;16,80156;3;3300732
kart7;True;1857;16,75073;3;3301956
kart0;True;1846;16,82544;3;3303324
kart2;True;1855;16,77163;3;3303720
kart4;False;1067;8,659799;3;3305862
kart10;True;1850;16,73865;3;3306726
kart1;True;1858;16,79413;3;3307410
kart14;True;1863;16,81588;3;3308598
kart8;True;1852;16,80164;3;3311082
kart17;True;1847;16,81587;3;3311460
kart5;True;1850;16,81351;3;3317526
kart10;False;625;4,865304;3;3317976
kart3;True;1865;16,69542;3;3320118
kart9;True;1843;16,76926;3;3322134
kart12;True;1854;16,78368;3;3326850
kart6;True;1868;16,69919;3;3329910
kart13;True;1876;16,79615;3;3329982
kart16;True;1846;16,79073;3;3333186
kart15;True;1846;16,82308;3;3333330
kart11;True;1849;16,80501;3;3334014
kart7;True;1864;16,80693;3;3335508
kart0;True;1855;16,76485;3;3336714
kart2;True;1854;16,80421;3;3337092
kart4;True;1856;16,70524;3;3339270
kart1;True;1849;16,75352;3;3340692
kart3;False;1152;9,4166;3;3340854
kart14;True;1867;16,73585;3;3342204
kart8;True;1850;16,77906;3;3344382
kart17;True;1847;16,76561;3;3344706
kart5;True;1852;16,75381;3;3350862
kart10;True;1864;16,7747;3;3351528
kart9;True;1849;16,78849;3;3355416
kart12;True;1862;16,73812;3;3360366
kart13;True;1850;16,77905;3;3363282
kart6;True;1860;16,79719;3;3363390
kart16;True;1849;16,71328;3;3366468
kart15;True;1847;16,74814;3;3366576
kart11;True;1847;16,77629;3;3367260
kart7;True;1853;16,79184;3;3368862
kart0;True;1846;16,75892;3;3369942
kart2;True;1861;16,73546;3;3370590
kart17;False;1525;12,69544;3;3372156
kart4;True;1844;16,76027;3;3372462
kart3;True;1839;16,73814;3;3373956
kart1;True;1856;16,82175;3;3374100
kart14;True;1842;16,80021;3;3375360
kart8;True;1845;16,7668;3;3377592
kart5;True;1841;16,76109;3;3384000
kart10;True;1856;16,79433;3;3384936
kart9;True;1852;16,80228;3;3388752
kart12;True;1858;16,80413;3;3393810
kart6;True;1846;16,75761;3;3396618
kart13;True;1855;16,79395;3;3396672
kart16;True;1850;16,76551;3;3399768
kart15;True;1847;16,76281;3;3399822
kart11;True;1846;16,78247;3;3400488
kart7;True;1859;16,76012;3;3402324
kart0;True;1845;16,81009;3;3403152
kart2;True;1850;16,78197;3;3403890
kart4;True;1842;16,75261;3;3405618
kart17;True;1866;16,81702;3;3405744
kart3;True;1852;16,79226;3;3407292
kart1;True;1846;16,76859;3;3407328
kart14;True;1848;16,78384;3;3408624
kart8;True;1866;16,69788;3;3411180
kart5;True;1852;16,80915;3;3417336
kart10;True;1839;16,7786;3;3418038
kart9;True;1851;16,78671;3;3422070
kart12;True;1852;16,73493;3;3427146
kart13;True;1852;16,77769;3;3430008
kart6;True;1865;16,75432;3;3430188
kart15;True;1846;16,7901;3;3433050
kart16;True;1855;16,78549;3;3433158
kart11;True;1857;16,73507;3;3433914
kart7;True;1865;16,75911;3;3435894
kart0;True;1845;16,82137;3;3436362
kart2;True;1850;16,77311;3;3437190
kart4;True;1842;16,75085;3;3438774
kart17;True;1855;16,76779;3;3439134
kart3;True;1846;16,7754;3;3440520
kart1;True;1859;16,77172;3;3440790
kart14;True;1837;16,72111;3;3441690
kart8;True;1856;16,80788;3;3444588
kart5;True;1843;16,75584;3;3450510
kart10;True;1860;16,73966;3;3451518
kart16;False;1097;8,545015;3;3452904
kart9;True;1845;16,78321;3;3455280
kart12;True;1872;16,72295;3;3460842
kart13;True;1840;16,73513;3;3463128
kart6;True;1850;16,77004;3;3463488
kart8;False;1136;8,780231;3;3465036
kart15;True;1842;16,78087;3;3466206
kart11;True;1856;16,75101;3;3467322
kart7;True;1862;16,7773;3;3469410
kart0;True;1844;16,80938;3;3469554
kart2;True;1852;16,79144;3;3470526
kart4;True;1852;16,78275;3;3472110
kart17;True;1861;16,78365;3;3472632
kart3;True;1853;16,80415;3;3473874
kart1;True;1861;16,75765;3;3474288
kart14;True;1846;16,74768;3;3474918
kart5;True;1857;16,79681;3;3483936
kart10;True;1868;16,7907;3;3485142
kart16;True;1840;16,78017;3;3486024
kart9;True;1846;16,77594;3;3488508
kart12;True;1851;16,76221;3;3494160
kart13;True;1846;16,77916;3;3496356
kart6;True;1857;16,79824;3;3496914
kart8;True;1849;16,74196;3;3498318
kart15;True;1857;16,72809;3;3499632
kart17;False;1504;12,41748;3;3499704
kart11;True;1862;16,82293;3;3500838
kart4;False;1674;13,74465;3;3502242
kart7;True;1848;16,77097;3;3502674
kart0;True;1850;16,79816;3;3502854
kart2;True;1849;16,79901;3;3503808
kart3;True;1858;16,79242;3;3507318
kart1;True;1859;16,7481;3;3507750
kart14;True;1846;16,78257;3;3508146
kart6;False;640;5,026515;3;3508434
kart5;True;1858;16,79817;3;3517380
kart10;True;1832;16,81636;3;3518118
kart16;True;1860;16,75518;3;3519504
kart9;True;1853;16,82689;3;3521862
kart12;True;1858;16,73737;3;3527604
kart13;True;1850;16,75484;3;3529656
kart8;True;1855;16,82691;3;3531708
kart15;True;1850;16,79899;3;3532932
kart17;True;1852;16,82832;3;3533040
kart11;True;1850;16,79176;3;3534138
kart4;True;1854;16,83414;3;3535614
kart7;True;1848;16,81441;3;3535938
kart0;True;1849;16,82234;3;3536136
kart2;True;1846;16,77459;3;3537036
kart3;True;1854;16,78793;3;3540690
kart1;True;1841;16,76858;3;3540888
kart14;True;1850;16,79399;3;3541446
kart6;True;1870;16,78302;3;3542094
kart5;True;1851;16,81921;3;3550698
kart10;True;1840;16,76959;3;3551238
kart16;True;1847;16,7844;3;3552750
kart9;True;1849;16,80389;3;3555144
kart12;True;1855;16,742;3;3560994
kart13;True;1862;16,76502;3;3563172
kart8;True;1854;16,8105;3;3565080
kart17;True;1852;16,80099;3;3566376
kart15;True;1870;16,79082;3;3566592
kart11;False;1854;15,14221;3;3567510
kart4;True;1861;16,72399;3;3569112
kart7;True;1853;16,73129;3;3569292
kart0;True;1844;16,7756;3;3569328
kart2;True;1850;16,7717;3;3570336
kart1;True;1843;16,78906;3;3574062
kart3;True;1858;16,81865;3;3574134
kart14;True;1849;16,74893;3;3574728
kart6;True;1841;16,78936;3;3575232
kart5;True;1853;16,78147;3;3584052
kart10;True;1853;16,80492;3;3584592
kart16;True;1854;16,80503;3;3586122
kart9;True;1851;16,75693;3;3588462
kart12;True;1849;16,77706;3;3594276
kart13;True;1851;16,78059;3;3596490
kart8;True;1869;16,74422;3;3598722
kart17;True;1859;16,805;3;3599838
kart15;True;1850;16,79452;3;3599892
kart11;True;1845;16,7893;3;3600720
kart0;True;1845;16,83287;3;3602538
kart4;True;1861;16,73166;3;3602610
kart7;True;1861;16,75306;3;3602790
kart2;True;1865;16,75418;3;3603906
kart1;True;1854;16,78094;3;3607434
kart3;True;1865;16,76038;3;3607704
kart14;True;1855;16,75463;3;3608118
kart6;True;1838;16,8141;3;3608316
kart5;True;1844;16,76043;3;3617244
kart10;True;1854;16,79453;3;3617964
kart16;True;1858;16,78264;3;3619566
kart9;True;1856;16,77511;3;3621870
kart12;True;1865;16,76428;3;3627846
kart13;True;1866;16,72357;3;3630078
kart8;True;1855;16,76367;3;3632112
kart15;True;1854;16,79493;3;3633264
kart17;True;1860;16,78541;3;3633318
kart11;True;1853;16,76235;3;3634074
kart0;True;1848;16,76401;3;3635802
kart4;True;1860;16,79803;3;3636090
kart7;True;1856;16,80991;3;3636198
kart2;True;1857;16,67945;3;3637332
kart1;True;1852;16,78198;3;3640770
kart3;True;1849;16,84438;3;3640986
kart6;True;1857;16,74887;3;3641742
kart14;True;1869;16,76395;3;3641760
kart5;True;1848;16,78189;3;3650508
kart10;True;1854;16,78325;3;3651336
kart16;True;1843;16,78889;3;3652740
kart9;True;1855;16,7755;3;3655260
kart12;True;1851;16,80802;3;3661164
kart13;True;1848;16,77272;3;3663342
kart8;True;1848;16,82128;3;3665376
kart17;True;1842;16,78468;3;3666474
kart15;True;1857;16,80982;3;3666690
kart11;True;1853;16,75778;3;3667428
kart0;True;1853;16,83201;3;3669156
kart4;True;1848;16,804;3;3669354
kart7;True;1858;16,7556;3;3669642
kart2;True;1844;16,80142;3;3670524
kart1;True;1847;16,76006;3;3674016
kart3;True;1859;16,83858;3;3674448
kart14;True;1843;16,77785;3;3674934
kart6;True;1858;16,78056;3;3675186
kart8;False;621;4,857045;3;3676554
kart5;True;1839;16,757;3;3683610
kart10;True;1848;16,78073;3;3684600
kart16;True;1865;16,75349;3;3686310
kart9;True;1861;16,71107;3;3688758
kart12;True;1852;16,71983;3;3694500
kart13;True;1850;16,7909;3;3696642
kart17;True;1863;16,81015;3;3700008
kart15;True;1857;16,71843;3;3700116
kart11;True;1858;16,72873;3;3700872
kart0;True;1841;16,83127;3;3702294
kart4;True;1854;16,77965;3;3702726
kart7;True;1850;16,80711;3;3702942
kart2;True;1859;16,77066;3;3703986
kart1;True;1846;16,78716;3;3707244
kart3;True;1854;16,8169;3;3707820
kart14;True;1846;16,74165;3;3708162
kart6;True;1855;16,82922;3;3708576
kart8;True;1847;16,78796;3;3709800
kart5;True;1850;16,77863;3;3716910
kart10;True;1848;16,79923;3;3717864
kart16;True;1849;16,78251;3;3719592
kart9;True;1854;16,72556;3;3722130
kart12;True;1854;16,80739;3;3727872
kart13;True;1856;16,80191;3;3730050
kart17;True;1855;16,80351;3;3733398
kart15;True;1859;16,79378;3;3733578
kart11;True;1860;16,75303;3;3734352
kart0;True;1864;16,79937;3;3735846
kart4;True;1854;16,79743;3;3736098
kart7;True;1861;16,77539;3;3736440
kart2;True;1851;16,72343;3;3737304
kart1;True;1843;16,76944;3;3740418
kart3;True;1849;16,78708;3;3741102
kart14;True;1866;16,75098;3;3741750
kart6;True;1870;16,75798;3;3742236
kart8;True;1839;16,74337;3;3742902
kart5;True;1852;16,80919;3;3750246
kart10;True;1853;16,78279;3;3751218
kart16;True;1856;16,77453;3;3753000
kart9;True;1857;16,78283;3;3755556
kart12;True;1834;16,77457;3;3760884
kart13;True;1846;16,80464;3;3763278
kart8;False;1202;9,610767;3;3764538
kart17;True;1853;16,77695;3;3766752
kart15;True;1879;16,7334;3;3767400
kart11;True;1872;16,6986;3;3768048
kart0;True;1863;16,82349;3;3769380
kart4;True;1851;16,77021;3;3769416
kart7;True;1845;16,74443;3;3769650
kart2;True;1848;16,75376;3;3770568
kart1;True;1849;16,74802;3;3773700
kart3;True;1848;16,80523;3;3774366
kart14;True;1850;16,76008;3;3775050
kart6;True;1859;16,78646;3;3775698
kart5;True;1849;16,78302;3;3783528
kart10;True;1845;16,74901;3;3784428
kart16;True;1865;16,76632;3;3786570
kart9;True;1861;16,66016;3;3789054
kart13;False;1656;13,74821;3;3793086
kart12;True;1839;16,72094;3;3793986
kart8;True;1852;16,80074;3;3797874
kart17;True;1849;16,75701;3;3800034
kart15;True;1863;16,80834;3;3800934
kart11;True;1860;16,80778;3;3801528
kart0;True;1848;16,78511;3;3802644
kart4;True;1847;16,71258;3;3802662
kart7;True;1843;16,77813;3;3802824
kart2;True;1870;16,74914;3;3804228
kart1;True;1853;16,73972;3;3807054
kart3;True;1857;16,76809;3;3807792
kart14;True;1854;16,79582;3;3808422
kart6;True;1847;16,77395;3;3808944
kart5;True;1846;16,77984;3;3816756
kart10;True;1846;16,80671;3;3817656
kart16;True;1846;16,75543;3;3819798
kart9;True;1860;16,71867;3;3822534
kart13;True;1858;16,79944;3;3826530
kart17;False;1493;12,40598;3;3826908
kart12;True;1868;16,75724;3;3827610
kart11;False;1499;12,36491;3;3828510
kart8;True;1852;16,7928;3;3831210
kart6;False;1384;11,42911;3;3833856
kart15;True;1847;16,78132;3;3834180
kart0;True;1851;16,82207;3;3835962
kart7;True;1843;16,79542;3;3835998
kart4;True;1867;16,69611;3;3836268
kart2;True;1850;16,7824;3;3837528
kart10;False;1272;10,49024;3;3840552
kart1;True;1871;16,77192;3;3840732
kart3;True;1868;16,7776;3;3841416
kart14;True;1856;16,75521;3;3841830
kart5;True;1848;16,80284;3;3850020
kart16;True;1863;16,77864;3;3853332
kart9;True;1844;16,80759;3;3855726
kart13;True;1863;16,73962;3;3860064
kart17;True;1858;16,78133;3;3860352
kart12;True;1861;16,85353;3;3861108
kart11;True;1842;16,77203;3;3861666
kart8;True;1853;16,84137;3;3864564
kart6;True;1843;16,7818;3;3867030
kart15;True;1855;16,77658;3;3867570
kart0;True;1842;16,80079;3;3869118
kart4;True;1839;16,76556;3;3869370
kart7;True;1855;16,78814;3;3869388
kart2;True;1855;16,77293;3;3870918
kart10;True;1859;16,80072;3;3874014
kart1;True;1854;16,73501;3;3874104
kart3;True;1861;16,79056;3;3874914
kart14;True;1848;16,79689;3;3875094
kart5;True;1860;16,77332;3;3883500
kart8;False;1067;8,677567;3;3883770
kart16;True;1852;16,80659;3;3886668
kart15;False;1066;8,552142;3;3886758
kart9;True;1852;16,80506;3;3889062
kart13;True;1860;16,80647;3;3893544
kart17;True;1848;16,78705;3;3893616
kart12;True;1853;16,79786;3;3894462
kart11;True;1859;16,72247;3;3895128
kart6;True;1859;16,77214;3;3900492
kart0;True;1845;16,82406;3;3902328
kart4;True;1847;16,77555;3;3902616
kart7;True;1855;16,7856;3;3902778
kart2;True;1858;16,7608;3;3904362
kart1;True;1855;16,791;3;3907494
kart10;True;1862;16,79336;3;3907530
kart3;True;1855;16,77013;3;3908304
kart14;True;1859;16,79622;3;3908556
kart5;True;1849;16,79323;3;3916782
kart8;True;1851;16,79392;3;3917088
kart15;True;1852;16,75372;3;3920094
kart16;True;1860;16,78017;3;3920148
kart9;True;1862;16,82526;3;3922578
kart17;True;1848;16,79844;3;3926880
kart13;True;1853;16,80879;3;3926898
kart12;True;1856;16,75205;3;3927870
kart11;True;1856;16,75574;3;3928536
kart6;True;1864;16,80194;3;3934044
kart0;True;1848;16,79725;3;3935592
kart4;True;1841;16,76856;3;3935754
kart7;True;1862;16,81093;3;3936294
kart2;True;1863;16,73175;3;3937896
kart10;True;1851;16,76758;3;3940848
kart1;True;1863;16,77507;3;3941028
kart3;True;1850;16,72585;3;3941604
kart14;True;1855;16,78466;3;3941946
kart5;True;1848;16,75369;3;3950046
kart8;True;1859;16,74741;3;3950550
kart16;True;1847;16,74875;3;3953394
kart15;True;1854;16,80723;3;3953466
kart9;True;1846;16,80282;3;3955806
kart17;True;1846;16,81626;3;3960108
kart13;True;1860;16,69102;3;3960378
kart12;True;1860;16,78895;3;3961350
kart11;True;1848;16,7653;3;3961800
kart6;True;1863;16,77787;3;3967578
kart0;True;1845;16,79824;3;3968802
kart4;True;1850;16,81903;3;3969054
kart7;True;1859;16,79144;3;3969756
kart2;True;1850;16,78546;3;3971196
kart1;True;1844;16,82043;3;3974220
kart10;True;1858;16,78494;3;3974292
kart3;True;1857;16,81199;3;3975030
kart14;True;1847;16,80625;3;3975192
kart5;True;1855;16,81516;3;3983436
kart8;True;1843;16,78078;3;3983724
kart16;True;1846;16,78388;3;3986622
kart15;True;1852;16,7882;3;3986802
kart9;True;1855;16,76876;3;3989196
kart17;True;1859;16,79622;3;3993570
kart13;True;1856;16,79432;3;3993786
kart12;True;1844;16,80499;3;3994542
kart11;True;1862;16,78409;3;3995316
kart13;False;259;1,627338;3;3998448
kart6;True;1850;16,73506;3;4000878
kart0;True;1845;16,81681;3;4002012
kart4;True;1851;16,76603;3;4002372
kart7;True;1851;16,8116;3;4003074
kart2;True;1854;16,81343;3;4004568
kart1;True;1854;16,72882;3;4007592
kart10;True;1852;16,7346;3;4007628
kart14;True;1844;16,77808;3;4008384
kart3;True;1855;16,79668;3;4008420
kart10;False;448;3,390503;3;4015692
kart5;True;1842;16,79894;3;4016592
kart8;True;1858;16,81664;3;4017168
kart15;True;1839;16,78292;3;4019904
kart16;True;1849;16,78321;3;4019904
kart9;True;1859;16,74096;3;4022658
kart4;False;1276;10,5127;3;4025340
kart17;True;1859;16,73606;3;4027032
kart12;True;1852;16,7762;3;4027878
kart11;True;1846;16,77605;3;4028544
kart13;True;1845;16,82677;3;4031658
kart6;True;1853;16,81873;3;4034232
kart0;True;1842;16,80502;3;4035168
kart7;True;1867;16,7625;3;4036680
kart2;True;1842;16,77129;3;4037724
kart1;True;1851;16,82373;3;4040910
kart14;True;1850;16,80636;3;4041684
kart3;True;1850;16,81687;3;4041720
kart10;True;1846;16,80335;3;4048920
kart5;True;1850;16,77026;3;4049892
kart8;True;1850;16,79871;3;4050468
kart15;True;1855;16,81025;3;4053294
kart16;True;1865;16,81499;3;4053474
kart9;True;1851;16,79701;3;4055976
kart4;True;1859;16,77238;3;4058802
kart17;True;1860;16,8037;3;4060512
kart12;True;1849;16,75241;3;4061160
kart11;True;1841;16,79138;3;4061682
kart13;True;1846;16,75904;3;4064886
kart6;True;1866;16,78993;3;4067820
kart0;True;1857;16,81537;3;4068594
kart7;True;1856;16,80325;3;4070088
kart2;True;1843;16,77989;3;4070898
kart1;True;1851;16,76953;3;4074228
kart3;True;1839;16,75466;3;4074822
kart14;True;1851;16,77488;3;4075002
kart17;False;1207;9,735082;3;4082238
kart10;True;1853;16,81431;3;4082274
kart5;True;1860;16,76758;3;4083372
kart8;True;1853;16,77658;3;4083822
kart15;True;1850;16,78895;3;4086594
kart16;True;1849;16,79854;3;4086756
kart9;True;1855;16,82612;3;4089366
kart4;True;1849;16,73142;3;4092084
kart12;True;1880;16,80189;3;4095000
kart11;True;1855;16,76202;3;4095072
kart13;True;1854;16,79234;3;4098258
kart6;True;1849;16,8335;3;4101102
kart0;True;1847;16,79465;3;4101840
kart7;True;1864;16,77905;3;4103640
kart2;True;1853;16,82077;3;4104252
kart16;False;1083;8,677091;3;4106250
kart1;True;1865;16,74948;3;4107798
kart3;True;1849;16,80831;3;4108104
kart14;True;1853;16,80927;3;4108356
kart17;True;1859;16,76587;3;4115700
kart10;True;1872;16,73557;3;4115970
kart5;True;1868;16,79045;3;4116996
kart8;True;1847;16,78607;3;4117068
kart15;True;1863;16,83328;3;4120128
kart9;True;1846;16,76568;3;4122594
kart4;True;1853;16,77157;3;4125438
kart12;True;1847;16,8129;3;4128246
kart11;True;1853;16,76876;3;4128426
kart13;True;1852;16,82496;3;4131594
kart6;True;1856;16,79927;3;4134510
kart0;True;1852;16,82549;3;4135176
kart7;True;1850;16,76613;3;4136940
kart2;True;1848;16,80833;3;4137516
kart16;True;1850;16,77996;3;4139550
kart1;True;1851;16,77623;3;4141116
kart3;True;1858;16,83771;3;4141548
kart14;True;1849;16,85188;3;4141638
kart17;True;1861;16,76811;3;4149198
kart10;True;1868;16,77316;3;4149594
kart8;True;1854;16,81529;3;4150440
kart5;True;1867;16,75259;3;4150602
kart15;True;1849;16,79224;3;4153410
kart9;True;1867;16,81642;3;4156200
kart4;True;1853;16,81805;3;4158792
kart12;True;1845;16,77959;3;4161456
kart11;True;1855;16,73251;3;4161816
kart13;True;1843;16,78086;3;4164768
kart6;True;1854;16,73863;3;4167882
kart0;True;1847;16,82272;3;4168422
kart7;True;1854;16,80399;3;4170312
kart2;True;1853;16,81668;3;4170870
kart16;True;1869;16,77274;3;4173192
kart1;True;1852;16,80211;3;4174452
kart14;True;1853;16,82199;3;4174992
kart3;True;1863;16,77474;3;4175082
kart9;False;1209;9,699848;3;4177962
kart17;True;1862;16,74225;3;4182714
kart10;True;1852;16,78913;3;4182930
kart5;True;1848;16,77594;3;4183866
kart8;True;1857;16,73311;3;4183866
kart15;True;1853;16,81334;3;4186764
kart14;False;751;5,927264;3;4188510
kart4;True;1842;16,74814;3;4191948
kart6;False;1500;12,44328;3;4194882
kart12;True;1861;16,78645;3;4194954
kart11;True;1851;16,776;3;4195134
kart13;True;1847;16,78894;3;4198014
kart5;False;980;7,505774;3;4201506
kart0;True;1845;16,78746;3;4201632
kart7;True;1846;16,85224;3;4203540
kart2;True;1852;16,75517;3;4204206
kart16;True;1868;16,77674;3;4206816
kart1;True;1866;16,80881;3;4208040
kart3;True;1859;16,71632;3;4208544
kart9;True;1856;16,74776;3;4211370
kart16;False;446;3,388883;3;4214844
kart17;True;1851;16,74763;3;4216032
kart10;True;1855;16,77564;3;4216320
kart8;True;1848;16,80366;3;4217130
kart15;True;1852;16,80142;3;4220100
kart14;True;1854;16,8018;3;4221882
kart4;True;1845;16,77545;3;4225158
kart12;True;1858;16,71409;3;4228398
kart6;True;1863;16,82042;3;4228416
kart11;True;1853;16,78522;3;4228488
kart13;True;1845;16,80838;3;4231224
kart0;True;1843;16,80366;3;4234806
kart5;True;1870;16,77786;3;4235166
kart7;True;1856;16,68439;3;4236948
kart2;True;1858;16,73677;3;4237650
kart1;True;1856;16,73882;3;4241448
kart3;True;1865;16,76467;3;4242114
kart9;True;1852;16,77622;3;4244706
kart16;True;1850;16,81399;3;4248144
kart17;True;1849;16,82131;3;4249314
kart10;True;1845;16,70956;3;4249530
kart8;True;1850;16,77465;3;4250430
kart15;True;1867;16,77387;3;4253706
kart14;True;1852;16,78447;3;4255218
kart4;True;1856;16,74314;3;4258566
kart12;True;1859;16,81598;3;4261860
kart6;True;1860;16,77821;3;4261896
kart11;True;1862;16,77143;3;4262004
kart13;True;1860;16,72813;3;4264704
kart0;True;1850;16,80796;3;4268106
kart5;True;1853;16,75129;3;4268520
kart7;True;1869;16,76672;3;4270590
kart2;True;1849;16,80293;3;4270932
kart1;True;1862;16,78874;3;4274964
kart3;True;1849;16,76097;3;4275396
kart9;True;1855;16,75795;3;4278096
kart16;True;1857;16,83112;3;4281570
kart17;True;1847;16,78381;3;4282560
kart10;True;1847;16,77039;3;4282776
kart8;True;1857;16,84428;3;4283856
kart15;True;1856;16,77031;3;4287114
kart14;True;1855;16,84487;3;4288608
kart4;True;1839;16,78515;3;4291668
kart12;True;1854;16,76794;3;4295232
kart6;True;1855;16,78842;3;4295286
kart11;True;1852;16,74818;3;4295340
kart13;True;1843;16,80662;3;4297878
kart0;True;1846;16,84075;3;4301334
kart5;True;1856;16,81746;3;4301928
kart7;True;1854;16,82224;3;4303962
kart2;True;1847;16,78185;3;4304178
kart1;True;1863;16,76032;3;4308498
kart3;True;1859;16,70804;3;4308858
kart9;True;1853;16,78551;3;4311450
kart16;True;1851;16,75664;3;4314888
kart17;True;1849;16,81094;3;4315842
kart10;True;1847;16,7998;3;4316022
kart8;True;1856;16,78396;3;4317264
kart15;True;1844;16,78645;3;4320306
kart14;True;1845;16,81527;3;4321818
kart4;True;1857;16,70502;3;4325094
kart7;False;1206;9,764301;3;4325670
kart12;True;1848;16,77739;3;4328496
kart6;True;1852;16,77539;3;4328622
kart11;True;1852;16,78664;3;4328676
kart13;True;1851;16,7871;3;4331196
kart0;True;1841;16,83904;3;4334472
kart5;True;1868;16,7825;3;4335552
kart2;True;1863;16,83193;3;4337712
kart1;True;1863;16,79718;3;4342032
kart3;True;1847;16,79156;3;4342104
kart9;True;1857;16,79461;3;4344876
kart16;True;1852;16,77213;3;4348224
kart17;True;1854;16,78235;3;4349214
kart10;True;1854;16,81387;3;4349394
kart8;True;1863;16,76463;3;4350798
kart15;True;1848;16,74742;3;4353570
kart14;False;1801;14,79231;3;4354236
kart4;True;1854;16,80365;3;4358466
kart7;True;1846;16,78108;3;4358898
kart12;True;1843;16,77659;3;4361670
kart6;True;1840;16,76842;3;4361742
kart11;True;1870;16,78376;3;4362336
kart13;True;1852;16,78912;3;4364532
kart0;True;1840;16,82063;3;4367592
kart5;True;1856;16,78981;3;4368960
kart2;True;1846;16,80827;3;4370940
kart1;True;1837;16,7816;3;4375098
kart3;True;1848;16,75518;3;4375368
kart9;True;1844;16,81314;3;4378068
kart16;True;1858;16,81796;3;4381668
kart17;True;1845;16,82724;3;4382424
kart10;True;1851;16,73573;3;4382712
kart8;True;1850;16,76834;3;4384098
kart15;True;1849;16,77367;3;4386852
kart14;True;1848;16,75738;3;4387500
kart4;True;1852;16,7805;3;4391802
kart7;True;1842;16,76005;3;4392054
kart6;True;1847;16,76978;3;4394988
kart12;True;1862;16,80728;3;4395186
kart11;True;1855;16,8126;3;4395726
kart13;True;1863;16,78634;3;4398066
kart0;True;1844;16,80116;3;4400784
kart5;True;1849;16,7541;3;4402242
kart2;True;1863;16,76361;3;4404474
kart1;True;1849;16,75595;3;4408380
kart3;True;1851;16,79605;3;4408686
kart9;True;1837;16,76965;3;4411134
kart16;True;1847;16,79749;3;4414914
kart17;True;1841;16,7761;3;4415562
kart10;True;1848;16,77765;3;4415976
kart8;True;1846;16,7705;3;4417326
kart4;False;1498;12,40659;3;4418766
kart15;True;1845;16,77166;3;4420062
kart14;True;1848;16,82848;3;4420764
kart7;True;1850;16,78812;3;4425354
kart6;True;1858;16,76508;3;4428432
kart12;True;1856;16,80906;3;4428594
kart11;False;1848;15,19348;3;4428990
kart13;True;1865;16,75221;3;4431636
kart0;True;1851;16,84024;3;4434102
kart5;True;1847;16,77046;3;4435488
kart2;True;1849;16,82051;3;4437756
kart1;True;1854;16,79846;3;4441752
kart3;True;1847;16,77304;3;4441932
kart9;True;1852;16,80964;3;4444470
kart16;True;1851;16,8416;3;4448232
kart17;True;1860;16,79294;3;4449042
kart10;True;1852;16,78595;3;4449312
kart8;True;1870;16,77619;3;4450986
kart4;True;1861;16,82074;3;4452264
kart15;True;1839;16,79453;3;4453164
kart14;True;1854;16,82888;3;4454136
kart7;True;1856;16,8131;3;4458762
kart6;True;1847;16,78064;3;4461678
kart12;True;1855;16,72479;3;4461984
kart11;True;1840;16,76839;3;4462110
kart13;True;1858;16,79054;3;4465080
kart0;True;1849;16,78823;3;4467384
kart5;True;1860;16,7529;3;4468968
kart2;True;1845;16,76691;3;4470966
kart1;True;1849;16,81027;3;4475034
kart3;True;1845;16,79753;3;4475142
kart9;True;1856;16,78086;3;4477878
kart16;True;1853;16,75376;3;4481586
kart10;True;1842;16,73992;3;4482468
kart17;True;1858;16,769;3;4482486
kart8;True;1855;16,77333;3;4484376
kart4;True;1853;16,7976;3;4485618
kart15;True;1861;16,82508;3;4486662
kart14;True;1841;16,76557;3;4487274
kart7;True;1864;16,78545;3;4492314
kart6;True;1853;16,80208;3;4495032
kart12;True;1854;16,75508;3;4495356
kart11;True;1855;16,8121;3;4495500
kart13;True;1847;16,82227;3;4498326
kart0;True;1853;16,79812;3;4500738
kart5;True;1856;16,77681;3;4502376
kart2;True;1853;16,76169;3;4504320
kart1;True;1853;16,82496;3;4508388
kart3;True;1853;16,74633;3;4508496
kart9;True;1844;16,7932;3;4511070
kart16;True;1853;16,80021;3;4514940
kart10;True;1851;16,77491;3;4515786
kart17;True;1856;16,80985;3;4515894
kart8;True;1849;16,82984;3;4517658
kart4;True;1843;16,77337;3;4518792
kart15;True;1860;16,81958;3;4520142
kart14;True;1845;16,76855;3;4520484
kart7;True;1854;16,80947;3;4525686
kart6;True;1845;16,81889;3;4528242
kart11;True;1849;16,75576;3;4528782
kart12;True;1858;16,78465;3;4528800
kart13;True;1842;16,81895;3;4531482
kart0;True;1849;16,83179;3;4534020
kart5;True;1859;16,7913;3;4535838
kart2;True;1855;16,80752;3;4537710
kart1;True;1861;16,74815;3;4541886
kart3;True;1855;16,78434;3;4541886
kart9;True;1869;16,83481;3;4544712
kart16;True;1844;16,76278;3;4548132
kart10;True;1848;16,76341;3;4549050
kart17;True;1844;16,81663;3;4549086
kart8;True;1839;16,77454;3;4550760
kart4;True;1849;16,77885;3;4552074
kart15;True;1862;16,79894;3;4553658
kart14;True;1858;16,81019;3;4553928
kart7;True;1853;16,78436;3;4559040
kart6;True;1848;16,78008;3;4561506
kart12;True;1841;16,79677;3;4561938
kart11;True;1852;16,79737;3;4562118
kart13;True;1858;16,80973;3;4564926
kart0;True;1841;16,80257;3;4567158
kart5;True;1862;16,75062;3;4569354
kart2;True;1864;16,79526;3;4571262
kart1;False;1661;13,90654;3;4571784
kart3;True;1858;16,77905;3;4575330
kart9;True;1849;16,74965;3;4577994
kart16;True;1862;16,68547;3;4581648
kart17;True;1842;16,72587;3;4582242
kart10;True;1849;16,80748;3;4582332
kart2;False;623;4,853959;3;4582476
kart8;True;1854;16,8021;3;4584132
kart4;True;1863;16,8226;3;4585608
kart15;True;1847;16,79982;3;4586904
kart14;True;1847;16,80321;3;4587174
